3732071921,32661.282753,inf
2341369227,36008.354266,inf
1975538853,36008.354266,inf
3267151385,inf,33665.584544
3264812213,inf,33665.584544
290158983,35345.389254,inf
452378636,34080.622043,inf
452378567,34080.622043,35080.622043
4159857022,30715.738640,30715.738640
4159857190,30715.738640,30715.738640
3262298979,30417.745339,30417.745339
879759607,30417.745339,30417.745339
3264347521,inf,29417.745339
3010831309,36507.252264,inf
3296475129,28417.745339,28417.745339
3340390081,26911.598466,inf
1039084221,33625.448283,inf
4285697287,35098.665532,33625.448283
4285733293,33625.448283,inf
3087829181,inf,33625.448283
3925448893,29467.461472,inf
165651157,28283.137038,29643.693726
165651231,28283.137038,inf
2043190106,30235.440666,inf
3693116220,inf,inf
539740515,31228.540261,inf
3014209387,35236.955780,inf
3010831373,35236.955780,inf
745066153,inf,34868.330987
441956845,33205.365974,34345.389254
441956936,33205.365974,inf
364764169,33205.365974,34345.389254
364764260,33205.365974,inf
291201155,34205.365974,inf
481092230,34205.365974,33910.376380
481092299,34205.365974,33665.584544
4115100303,31620.403473,inf
4160791384,30713.512878,30717.967842
2338644587,30713.512878,30722.436605
3295325082,27745.810914,inf
1737009314,33493.565870,33493.565870
166657393,inf,27222.516077
1039484402,30642.447366,inf
570322902,31228.540261,31228.540261
852979192,32224.716394,inf
442999010,33205.365974,33205.365974
365806334,33205.365974,33205.365974
291380875,inf,33205.365974
482170346,inf,33205.365974
3268342745,34205.365974,33205.365974
2648214323,29620.403473,inf
4160899228,30813.048551,30620.403473
2338648943,31035.440972,30620.403473
2338651121,31620.403473,30620.403473
2338678346,inf,30620.403473
879792277,28003.466098,inf
3295181331,27342.753574,27745.810914
2564100543,34236.955780,inf
3046098707,32942.260118,33493.565870
3808150554,28356.344817,inf
166657468,27807.478578,26807.478578
2608061796,inf,26807.478578
2968405802,inf,30223.411169
956945749,31223.411169,inf
1476524964,31223.411169,inf
956771509,31223.411169,inf
1471996901,31223.411169,inf
2952369155,31235.440666,30223.411169
954543411,31223.411169,inf
570538585,inf,inf
854129181,inf,inf
3267218903,inf,inf
3267188411,inf,inf
3264854684,inf,inf
3264849239,inf,inf
3262624411,inf,inf
2656551705,inf,30620.403473
3268375420,inf,inf
3268368886,inf,inf
4115168907,inf,29518.295195
2651808023,29518.295195,29518.295195
2338679438,inf,29518.295195
3265533373,27003.466098,inf
880757124,26405.560340,29417.745339
882196789,26433.590272,26556.799554
3183704758,26405.560340,inf
3182590714,26405.560340,27524.996804
3046032274,32942.260118,33788.956046
955543113,31223.411169,34868.330987
957922582,31166.868535,inf
166693433,inf,25713.344694
2648178382,32760.426753,30620.403473
2968441775,inf,inf
1041963997,inf,inf
956947923,30223.411169,inf
956656075,30223.411169,inf
956773683,30223.411169,inf
955692310,30223.411169,inf
2939943793,inf,inf
651957159,30223.193746,inf
654436714,30222.976356,30222.976356
2977589618,33222.976356,inf
954573903,30223.411169,inf
1213702801,33175.610283,inf
2656623608,inf,inf
2652993971,32760.426753,inf
2651843993,inf,inf
4162013281,inf,inf
3266791108,26405.560340,28043.007535
1986520689,21489.111816,21489.111816
2012456547,21489.111816,21489.111816
1513324450,32235.440666,inf
1468331261,inf,33868.330987
3046101974,32904.838797,32980.677998
957949803,30223.411169,34868.330987
166801180,25270.141073,inf
166729268,25270.141073,26356.344817
97226998,28918.966475,inf
1431495873,28771.247740,inf
956981682,28771.247740,inf
954285318,28771.247740,inf
956658249,28771.247740,inf
1509910437,28771.247740,inf
955694484,28771.247740,inf
654185189,30222.976356,30223.411169
654400844,30222.976356,30222.976356
1436383335,28771.247740,inf
1213918349,inf,32110.265079
1849867133,28488.025493,inf
3297660984,26324.597071,26324.597071
3185106342,25296.714340,inf
2012457640,21442.624115,21537.147501
2012457640,21442.624115,21638.300853
2012457640,21442.624115,21864.745423
2012457640,21442.624115,22463.980751
2012457640,21442.624115,inf
3052194795,inf,31904.838797
184050792,28918.966475,inf
916666903,28668.002386,29222.976356
2012456547,21489.111816,21489.111816
1215104277,32110.265079,32110.265079
1215104277,32110.265079,32110.265079
3297661050,26324.597071,26324.597071
877457457,25269.360293,25324.597071
1986700282,21419.904038,21465.707728
1986700282,21419.904038,21513.013443
1986700282,21419.904038,21612.549116
1986700282,21419.904038,21834.941538
1986700282,21419.904038,22419.904038
1986700282,21419.904038,inf
3052338544,inf,30844.222582
3020282740,inf,30844.222582
1332366770,inf,30844.222582
743880204,36008.354266,inf
167987136,inf,inf
916665817,28668.002386,29222.976356
98628449,28668.002386,28668.002386
1393402654,28427.744688,29222.976356
915441781,28668.002386,28668.002386
259913767,28668.002386,inf
1467001657,32133.583147,inf
1215140241,30921.951058,inf
1216074637,30880.520403,31053.899026
838212079,28518.027593,inf
1891338366,28481.680551,28481.680551
880866031,25216.160621,inf
3187442274,25216.160621,25324.597071
1398326023,30223.411169,inf
1986808093,21373.416001,21467.940082
1986808093,21373.416001,21569.094229
1986808093,21373.416001,21795.540796
1986808093,21373.416001,22394.783200
1986808093,21373.416001,inf
3020318636,inf,29844.222582
2122784225,29844.222582,inf
213483101,28355.796296,29066.980730
914072908,28355.796296,29066.980730
224336073,28355.796296,29066.980730
144879366,28355.796296,29066.980730
918932026,28355.796296,29066.980730
1215212116,30880.520403,30964.606767
1891302426,28481.680551,28555.314076
1891374302,28481.680551,28481.680551
1892236789,28481.680551,28481.680551
3722932123,26971.984081,26971.984081
794335176,inf,inf
3188484414,inf,inf
1987742456,20958.378502,21958.378502
1987742518,20958.378502,inf
2082271714,24766.493464,inf
213662812,inf,inf
99742522,inf,inf
252654457,inf,inf
260991815,inf,inf
1244536708,inf,29750.377987
1892380536,28037.807037,29126.103987
1892380636,28037.807037,inf
838099910,27003.743874,inf
883453492,27516.640769,27811.171935
3722932123,27038.957716,26971.984081
3722932123,26971.984081,26971.984081
3722932123,26971.984081,26971.984081
1987850266,20935.646842,20981.474072
3415478498,31235.440666,30223.411169
1987850266,20935.646842,21028.804896
1041676560,inf,inf
1987850266,20935.646842,21128.396171
1987850266,20935.646842,21350.927605
1987850266,20935.646842,21936.376757
1041928024,inf,30223.411169
1987850266,20935.646842,inf
2083170071,23766.493464,inf
3725411844,26869.896915,inf
1244536708,inf,28750.377987
838251283,inf,26987.064407
1886558808,26963.415899,27207.788694
1886594751,26963.415899,27445.522261
838073775,26963.415899,28085.501063
883452406,27516.640769,27656.403175
764863566,24371.539571,24389.646645
3765697216,24371.539571,24407.983871
764865750,24445.372712,24371.539571
1987958077,20930.000279,20941.315592
1987958077,20930.000279,20952.720356
1987958077,20930.000279,20975.803969
1987958077,20930.000279,21023.109683
1987958077,20930.000279,21122.645357
3383011431,27584.830182,inf
1987958077,20930.000279,21345.037778
1987958077,20930.000279,21930.000279
1987958077,20930.000279,inf
3726453987,25869.896915,inf
1244536708,inf,27650.401096
2664407582,22322.728535,22353.005645
838070507,26963.415899,27031.121641
1886522872,26963.415899,27102.161951
3384377004,inf,inf
764869015,23371.539571,inf
675589661,27122.562121,28140.213141
675661563,27122.562121,inf
757382270,29378.443296,29581.658630
757382332,29378.443296,29818.266287
803855217,29378.443296,30454.114995
917849560,28668.002386,28668.002386
803856306,29378.443296,inf
1988892439,20924.351796,20935.670965
1988892439,20924.351796,20947.079645
1988892439,20924.351796,20970.171281
1988892439,20924.351796,21017.493846
1935860538,inf,30223.411169
1988892439,20924.351796,21117.066830
1988892439,20924.351796,21339.552531
1988892439,20924.351796,21924.841559
1988892439,20924.351796,inf
878456913,inf,inf
763678737,25844.386674,25895.866370
763678737,25844.386674,25949.251207
3269974609,28949.076831,29010.238946
3270873039,inf,27949.076831
1857988896,26906.778817,inf
1886486874,26906.778817,26996.871628
801379921,26707.524621,27707.524621
676739674,26707.524621,inf
3721889950,26780.453684,26976.416923
1244536708,inf,26650.401096
3269759059,27273.452109,27273.452109
2051342559,27273.452109,27273.452109
759682238,inf,28378.443296
1989000250,20913.036482,20935.756559
1989000250,20913.036482,20958.840172
1989000250,20913.036482,21006.145887
1989000250,20913.036482,21105.681560
1989000250,20913.036482,21328.073982
1989000250,20913.036482,21913.036482
1989000250,20913.036482,inf
2012338244,23283.213857,inf
841947346,23272.519972,23315.779508
2081984217,24766.493464,25829.202386
3726741451,25627.793027,25844.386674
3755023899,25627.793027,25844.386674
1244536708,inf,25572.155039
1775154110,30844.222582,inf
1889002462,26904.876968,26906.918641
834721833,inf,29844.222582
1889002533,26904.876968,26906.918641
3803574789,24825.468446,inf
1920932432,30235.440666,inf
714832863,23314.780126,inf
1920896464,30223.411169,32268.100255
714760984,23314.780126,24314.780126
3449092222,24314.780126,inf
765759816,23354.507546,23354.507546
765759816,23354.507546,23354.507546
676847483,inf,25664.376421
2051343652,inf,26222.549283
759682300,inf,27318.376385
2044295640,22675.043093,22697.711904
844141684,22285.761510,inf
841915764,23272.519972,23293.987603
764543407,24604.464183,inf
3756281659,24588.656993,24652.952273
761268784,inf,27940.547269
3155982518,inf,27940.547269
1787465620,inf,26891.905354
2928141865,21795.174044,21791.367992
2928141935,21787.571954,21795.174044
2918726473,inf,27940.547269
4277395840,35098.665532,33625.448283
3086427639,inf,33625.448283
1890116509,26944.913869,26865.921214
4277431846,33625.448283,inf
1890116547,27028.483464,26865.921214
1890152446,27211.717026,26865.921214
1890152512,27667.433067,26865.921214
1890188453,29627.181080,26865.921214
838142383,26906.918641,26865.921214
766015731,24767.167715,24825.468446
798929669,28769.873086,inf
766020087,24767.167715,24825.468446
714832929,22267.324065,inf
1922154326,inf,inf
714904831,22267.324065,inf
755274928,23267.324065,inf
3020138991,inf,31904.838797
765760909,22299.236934,inf
676847522,inf,24664.376421
3269866800,25276.139214,29999.921922
803924913,inf,26318.376385
2045598081,22695.625450,22695.625450
2961347784,26885.088478,26912.551403
2042000028,26885.088478,26940.547269
2014638219,22237.479890,inf
3755203546,24588.656993,24620.446489
3756066035,24588.656993,24652.952273
761268784,inf,26885.088478
2047925281,inf,26885.088478
2006458339,inf,25845.943073
1545488065,32166.868535,inf
2040990524,21795.174044,21780.009712
2563122621,32222.976356,inf
2928285617,21780.009712,21810.499465
2040709567,inf,26885.088478
2042004381,23500.603618,23520.645054
2042004381,23500.603618,23540.968825
834694603,inf,31904.838797
145921567,inf,inf
2009907202,25890.735041,25936.545614
3804832543,24767.167715,24767.167715
3804832581,24767.167715,24767.167715
799008077,27769.873086,inf
799010257,26690.780260,inf
438405456,24727.352786,24727.352786
802559306,22797.497396,inf
765765258,inf,inf
755226116,24236.123189,inf
676883388,25276.139214,24236.123189
676919393,24236.123189,inf
3722860312,27005.082297,24236.123189
3272274579,inf,24236.123189
803926002,inf,25270.205024
3037282536,22654.750250,22695.625450
655478921,29668.002386,30222.976356
2042001121,inf,25885.088478
2089171548,21265.153335,21265.153335
2044178459,21237.479890,inf
764616370,23539.692888,inf
764654484,23532.500766,23561.486913
764654484,23532.500766,23591.067403
3561682875,inf,25885.088478
761268784,inf,25885.088478
3275652725,inf,24197.259028
2047925281,inf,25885.088478
2978883281,31066.980730,inf
2040709567,inf,25885.088478
2042030521,22500.603618,inf
527349602,25817.039788,inf
608732020,24839.852074,24850.182225
2779226328,22851.470663,22851.470663
882132534,26680.017011,27187.596645
2166630633,22851.470663,22851.470663
3341432290,26680.017011,26680.017011
2009911558,25885.088478,25907.808555
2009911558,25885.088478,25930.892168
2009911558,25885.088478,25978.197883
2009911558,25885.088478,26077.733556
2009911558,25885.088478,26300.125978
2009911558,25885.088478,26885.088478
1434047365,32235.440666,inf
2009911558,25885.088478,inf
438369516,24672.196677,24727.352786
802561485,23749.276375,22228.973512
3521541245,22228.973512,inf
635340251,23454.726115,24454.726115
636382422,23454.726115,inf
637748092,21875.483204,inf
3448948502,25216.160621,inf
756340100,inf,inf
892286423,32268.100255,inf
803927091,inf,24270.205024
2044296729,inf,21654.750250
3042169968,inf,21227.173228
655586766,29668.002386,30222.976356
2042001121,inf,24840.436581
842853397,21221.840186,21253.290999
3052374440,inf,29844.222582
3758725372,23532.500766,23546.921043
758685676,inf,24840.436581
761268784,inf,24840.436581
3276766701,inf,23150.179167
2047925281,inf,24840.436581
2928393424,21778.959905,21781.060284
2979997329,inf,30066.980730
2928393463,21778.959905,21783.163726
2979997422,inf,28355.796296
2928429361,21778.959905,21787.379834
2041850834,21778.959905,21795.849192
893372350,inf,inf
3721997761,26942.882538,26858.942546
3041954345,19768.418448,19768.418448
3277054203,19774.953124,19774.953124
3763253442,23045.494957,23045.494957
3721997761,26971.984081,26914.356434
764797140,23045.494957,23045.494957
755088707,25129.669877,26252.090469
2126379011,21162.376068,21173.956622
2003975412,22185.630886,22185.630886
2003975412,22185.630886,22185.630886
2003975412,22185.630886,22185.630886
2040709567,inf,23840.436581
1547823905,inf,33868.330987
1738159291,inf,31904.838797
2126308201,18731.276373,18731.276373
3759659870,20468.602515,19811.051571
3759659870,20738.050698,19811.051571
3037462218,21800.461588,20800.461588
3721925951,26995.501813,26858.942546
3040840298,19768.418448,19768.418448
2051554911,19761.913238,19788.111947
3762139486,23051.335797,23051.335797
2047736188,20204.065323,20231.495699
1907351454,19761.913238,inf
2575176045,20768.418448,20782.247504
2127273088,21796.210403,21796.210403
2044295640,22675.043093,22720.742599
1704415182,inf,23203.636392
1855796677,28085.501063,28085.501063
3123782996,20761.913238,inf
562891223,inf,24801.075780
3344019780,25324.597071,25324.597071
745173866,inf,33868.330987
2042072993,22228.132912,22836.802908
762347979,19766.789394,19794.181523
3158174643,19740.106080,inf
599870397,24223.173933,23208.073102
440741358,26337.779341,20116.160392
440741494,20795.488720,20220.882777
1910585744,20196.308028,20211.489874
3809228635,27356.344817,inf
3759659870,20738.050698,20201.342738
3037426284,22227.173228,21215.499088
2085613853,23297.229676,inf
3717110431,19941.420169,19843.185764
1440465268,20761.913238,inf
2040782527,20745.527044,20768.418448
2664407648,22322.728535,22383.931811
2086763838,23285.761510,23332.191504
3717146267,19745.527044,20768.418448
2450186397,inf,33868.330987
3717146329,19745.527044,inf
3201119323,22000.437799,inf
1710344745,inf,inf
2921134149,21751.215934,21775.316406
2040709567,inf,21804.354575
758685676,inf,23840.436581
3721997761,26971.984081,26858.942546
1244572645,25977.796580,25255.894032
3278276126,19740.106080,19761.913238
2195538505,30223.411169,inf
755086524,25584.371119,25584.371119
372537450,26169.246537,26169.246537
844067629,23751.961354,23751.961354
3715924406,19785.261716,inf
853128614,inf,33868.330987
2042002203,19761.913238,19761.913238
2040926275,20450.927070,20450.927070
3687498238,19958.271986,19860.224462
2127458214,19740.106080,19761.913238
3038468459,20800.461588,inf
2127314441,20748.990159,17830.074999
2040709567,inf,22804.354575
1469301559,30223.411169,inf
1738159360,inf,30844.222582
3078897579,19804.354575,19761.913238
877279954,27548.539607,29417.745339
2012238744,19761.913238,19761.913238
3046134639,29844.222582,inf
1881350257,25121.458367,inf
795295867,inf,24664.376421
2006494273,20774.953124,20774.953124
2042001121,inf,19774.953124
3231701804,21931.472412,22373.436015
3721961825,27005.082297,26985.984530
2048778363,20231.495699,20231.495699
3687534241,19761.913238,inf
758686758,19761.913238,19761.913238
1827643114,20804.354575,21840.436581
637604245,22928.588438,23928.588438
2010090150,19761.913238,19761.913238
2043325341,20436.406029,20462.217540
1790915541,19750.968456,inf
875114772,inf,inf
3079939759,19788.111947,19788.111947
2040709567,inf,19774.953124
758685676,inf,21804.354575
2047928541,19761.913238,19761.913238
637676190,21875.483204,inf
1947564882,19761.913238,19761.913238
1770338486,inf,15406.726250
3077855479,19814.037059,inf
3443090802,25129.669877,inf
2126381190,21162.376068,21185.630886
4212638155,20198.671476,20209.479411
3200903731,inf,22804.354575
2923506062,19745.527044,inf
2922176330,19745.527044,inf
3003070648,20761.913238,21761.913238
3687498238,19926.184800,19761.913238
886464594,32268.100255,32268.100255
803784433,29476.475851,25613.913692
3687498238,19958.271986,19761.913238
3013311024,36507.252264,inf
2043154138,30223.411169,32268.100255
2964977388,19761.913238,inf
3809408319,25270.141073,inf
3759839427,20761.913238,inf
2047785885,20761.913238,20761.913238
1853209206,26987.064407,27400.001283
1862034893,20950.609745,20987.920346
3445426676,inf,inf
764689331,19740.106080,inf
1853209305,26987.064407,27974.924078
762461236,19870.431365,19870.431365
2048004775,19788.111947,19788.111947
2168925156,inf,24060.608101
1402551734,20761.913238,20761.913238
2079984352,20168.154725,20217.253802
2007566938,20820.782156,20860.362469
2124940446,20761.913238,20761.913238
3196303760,inf,20910.693370
3682718617,19750.968456,19745.527044
3196339761,21181.327126,20313.153569
1980555121,inf,inf
3195424561,inf,34868.330987
2127458187,16830.074999,inf
2009943132,19761.913238,19761.913238
599906402,23208.073102,inf
440741494,20479.765634,19811.051571
600804758,23208.073102,23208.073102
440741494,20795.488720,19811.051571
1910621679,20226.833182,20196.308028
800258249,21851.887554,21813.758620
600804796,23208.073102,23208.073102
440741494,26337.779341,19811.051571
2045452155,20439.981649,20466.546434
1479456846,21797.272025,21989.917103
3201083386,19761.913238,19761.913238
3717110431,19941.420169,19745.527044
3197827984,inf,34868.330987
1704989539,33304.365428,34039.078150
2654776465,22290.533671,22290.533671
2086763769,23285.761510,23308.789734
3717110431,20168.154725,19745.527044
2963899215,21801.386175,22836.802908
3276766837,20804.354575,20199.724682
914036971,28668.002386,29222.976356
2166697062,20761.913238,20761.913238
2963935217,21801.386175,inf
2855053331,25129.669877,25129.669877
2696104077,22233.719306,22233.719306
3276766837,20804.354575,19774.953124
842882796,20221.840186,inf
561813111,25802.518932,25817.039788
3196447509,19761.913238,19761.913238
2161816164,20761.913238,20761.913238
795367745,24236.123189,inf
3452793692,21853.931558,inf
561849048,25802.518932,25817.039788
1854502977,28181.361288,28138.091400
1863292652,20840.436581,inf
2009907202,25890.735041,25983.858670
2966342966,19761.913238,19774.953124
2009907202,25890.735041,26083.410599
2009907202,25890.735041,26305.843662
2967277290,19761.913238,19761.913238
2009907202,25890.735041,26890.948416
2047790245,19761.913238,19761.913238
3684982648,19927.539793,19888.065925
2040777078,inf,20751.215934
2043363453,19761.913238,19761.913238
3197381875,25885.088478,23491.447686
2921170086,20745.527044,20756.927344
764798233,23354.507546,22791.135574
1244572645,26255.894032,25670.931532
1364566254,14406.281603,14406.360864
893508340,inf,inf
2011168260,19761.913238,19761.913238
762161887,32904.838797,inf
2011168260,19761.913238,19761.913238
2011168260,19761.913238,19761.913238
764798233,23354.507546,22387.015727
1244572645,26255.894032,25255.894032
1364566293,14406.202346,14406.360864
2051628967,19761.913238,19788.111947
804861449,inf,31904.838797
1855473337,28225.969178,28138.091400
1768901005,20407.696837,inf
3075483564,19740.106080,inf
1479492850,21797.272025,inf
755086524,25584.371119,25584.371119
1450886927,21192.660573,21192.660573
1451138524,19740.106080,20761.913238
223114311,28668.002386,inf
3717110326,19745.527044,19826.121828
2926920013,21793.269763,19740.106080
3687498238,20185.630886,19761.913238
755154238,29476.475851,24664.376421
2127459303,inf,inf
2003965020,inf,34868.330987
3004112724,20761.913238,inf
2043362364,19761.913238,19761.913238
1507574534,32235.440666,inf
2166700329,inf,inf
2956675842,21778.959905,21778.959905
2006458339,inf,23808.815783
2011204201,20176.243421,20210.612232
764798233,23354.507546,18370.092684
4208936544,19740.106080,19750.968456
1366722481,14596.562808,14596.587924
2126384461,21890.381430,21899.628779
3066298620,25729.431889,inf
2126094786,20761.913238,20761.913238
2050406023,inf,inf
2161816164,20761.913238,20761.913238
2040816286,19740.106080,19761.913238
796481729,inf,inf
756244138,21832.697127,21875.483204
1854467104,27963.415899,28159.564129
2008720191,20820.782156,21840.436581
1740654523,21408.155971,inf
1479456950,21797.272025,22212.309525
2047925281,inf,20774.953124
2047925281,inf,23840.436581
2088093473,21265.153335,inf
763429356,19740.106080,19750.968456
2006461599,19761.913238,19761.913238
804967081,27761.139066,27761.139066
3006556433,20798.834079,inf
2044267323,19761.913238,19761.913238
761270962,19740.106080,inf
3721961825,27005.082297,26967.136272
764789517,23045.494957,23057.200380
2043041113,21785.542612,21801.386175
1707793258,20761.913238,inf
764798233,23354.507546,20239.467181
1364638161,14596.562808,14596.569087
3279426080,19745.527044,inf
3070179774,25337.779341,25352.440294
2126163393,inf,20768.418448
3722860250,27005.082297,25091.333958
3043212143,20800.461588,inf
2096336812,18731.276373,inf
2005342114,inf,25845.943073
2040953501,21817.472125,inf
2042003292,23500.603618,23510.589535
2127242567,18650.912217,18713.777445
3077603886,20814.037059,inf
2040816286,19740.106080,19750.968456
2006458339,inf,24845.943073
764798233,23354.507546,19325.223806
1366686636,14596.562808,14596.575366
2679129001,30222.976356,inf
3070179774,25337.779341,25353.798694
2857568921,23821.474021,24010.223410
2164218500,20162.376068,inf
1444022967,21192.660573,21232.679601
2124977472,inf,19740.106080
2044294551,22675.043093,22686.332975
3103385596,inf,inf
764798233,23354.507546,17392.789806
1366722543,14596.562808,14596.613041
4208936612,19740.106080,19761.913238
2008793148,inf,inf
2006458339,inf,21778.595704
1945300884,20202.653219,20202.653219
1706894864,inf,21176.950737
2040709567,inf,24840.436581
764798233,23354.507546,16403.859773
1366722608,14596.562808,14596.663275
3070179910,25322.504303,25288.814771
2857604892,23821.474021,25715.129215
1445208889,21207.071841,21203.794553
804973619,26707.524621,inf
2006462692,20181.284283,20181.284283
2127242567,18682.002440,18697.802465
764825451,24380.564701,15406.726250
2079806841,inf,inf
758685676,inf,20774.953124
1366902163,20761.913238,14406.457714
2044512352,19782.247504,inf
1855581153,28138.091400,28138.091400
2008755039,20820.782156,20820.782156
1769044753,inf,19407.696837
2127246945,21796.210403,21798.334430
834689156,32904.838797,inf
1363272621,inf,14406.506141
4217489616,20783.437321,20763.536793
874828611,25324.597071,25351.083172
1447401071,21168.154725,21192.660573
3809264532,26270.141073,inf
3759659870,24079.106074,19811.051571
2047784796,20761.913238,20761.913238
1853173371,26987.064407,27178.808843
1862034825,20969.144434,20950.609745
3231737678,22974.972328,22974.972328
2005342114,inf,27891.905354
797961548,24386.038281,25386.038281
3197381875,25885.088478,24240.120577
2620492530,19740.106080,inf
3601968253,inf,26885.088478
2922463818,20745.527044,inf
1909812390,inf,24701.321440
756275719,21851.887554,21813.758620
2005342114,inf,26891.905354
612002285,19761.913238,19761.913238
4153987243,34236.955780,inf
2047996063,20640.546374,19774.953124
2090764363,9415.037499,inf
762354513,19904.609771,19870.431365
2161816164,20761.913238,20761.913238
2047996063,20640.546374,20143.783003
764798233,23354.507546,21813.054129
1244572645,inf,25255.894032
3042205902,21835.771288,20800.461588
2040737874,19761.913238,19761.913238
758685676,inf,19774.953124
2127458252,15830.074999,inf
2370801564,inf,33868.330987
2128428515,18748.990159,inf
2281376353,14415.037499,inf
2253201817,16830.074999,inf
1901421848,25890.735041,25896.382441
2127458252,14415.037499,inf
2009944225,inf,inf
790659996,30844.222582,inf
2119010843,8000.000000,9000.000000
3682718617,19761.913238,19740.106080
637676124,22928.588438,inf
2010090150,19761.913238,19761.913238
2011241224,19740.106080,20804.354575
2006460510,19774.953124,19774.953124
2127246945,21796.210403,21804.725338
2281376353,15415.037499,inf
2128392581,inf,19748.990159
3160654257,inf,19788.111947
2119011932,8000.000000,inf
2925949810,20450.927070,20459.413902
2498705813,36008.354266,inf
656736685,28355.796296,29066.980730
2042001121,inf,20774.953124
3231701742,21931.472412,22135.595768
1970772898,19761.913238,19761.913238
2090694667,10415.037499,inf
2048103870,inf,inf
2119118652,35316.247185,0.000000
2253201746,16830.074999,17830.074999
2127458252,15415.037499,inf
2042001121,inf,21804.354575
2119117563,35316.247185,1000.000000
2090691400,11415.037499,11415.037499
2119116475,35316.247185,2000.000000
2011016890,19740.106080,20788.111947
2040926275,20450.927070,20450.927070
853020901,inf,34868.330987
2102339992,inf,inf
2047996063,20640.546374,20499.426096
2090725155,10415.037499,10415.037499
3231701869,21931.472412,23013.806927
2658226416,22224.890989,22243.481077
2119115386,35316.247185,3000.000000
2010128269,20196.308028,20203.878981
1331252690,inf,31904.838797
833537000,24431.772824,24432.507028
2007788007,20899.236458,19740.106080
761269866,19761.913238,19761.913238
2090659815,11415.037499,inf
2006458339,inf,19774.953124
764828722,24380.564701,inf
3070179910,25337.779341,25255.894032
2858718904,25941.426428,22980.404110
2123758878,20761.913238,13415.037499
764798233,23354.507546,21084.950056
3070179774,25337.779341,25351.761574
2856490809,23912.764128,25715.129215
2699661743,21162.376068,inf
763537167,inf,25780.453684
3063998619,28182.570763,inf
2693983735,22251.539682,22251.539682
2040854401,19740.106080,19761.913238
1469481312,28771.247740,inf
1548794271,28771.247740,inf
2127242567,18713.777445,18713.777445
3721961825,27005.082297,26930.162784
3041020014,19768.418448,19782.247504
764789517,23045.494957,23069.001553
2119089250,35316.247185,3999.999999
3685162408,19927.539793,19927.539793
2040738967,20761.913238,20761.913238
1827679058,20804.354575,inf
4217489554,20783.437321,20802.453046
2281376422,13415.037499,inf
1852059222,27015.234366,27021.991828
833578384,22408.713347,23408.713347
1860812965,20792.155492,20792.155492
2127458323,13415.037499,inf
2166698155,19740.106080,inf
2008645049,19761.913238,19761.913238
1738103036,22408.155971,22501.822751
3732323455,31235.440666,inf
755085435,25584.371119,25627.024129
2119088161,35316.247185,4999.999999
837021802,27018.609140,inf
1738102997,22408.155971,22454.538450
3045799635,19782.247504,19782.247504
2119087071,35316.247185,5999.999998
2127458252,15415.037499,16415.037499
3646062946,inf,28940.547269
1366866290,14406.281603,15389.467095
1208096589,6999.999996,inf
759907534,inf,24840.436581
1829080631,20253.982262,20253.982262
2011152389,24329.031341,inf
2007792362,20955.221141,20845.343383
1737060859,inf,23431.160820
759940197,inf,inf
2047790245,19761.913238,19761.913238
3761133151,24071.450036,24071.450036
844216825,21231.495699,21231.495699
2127425544,19745.527044,19768.418448
803749579,27564.371989,27564.371989
761268784,inf,19774.953124
1331144883,19740.106080,19761.913238
1832494645,20899.236458,20936.954843
759909705,19740.106080,inf
761276400,inf,inf
1851017049,28072.987994,29072.987994
2007792362,20955.221141,20558.461914
759907534,inf,20774.953124
761268784,inf,22804.354575
2044267323,19761.913238,19761.913238
2122675326,19740.106080,19761.913238
759908616,19761.913238,19761.913238
4219609875,20814.879917,inf
833504330,24432.139879,inf
2680386889,28503.470408,28503.470408
3070179910,25322.504303,25255.894032
1445244857,21240.337164,21168.154725
2164220677,21906.814691,inf
2085577922,23297.229676,24297.229676
3717110431,19911.486756,19745.527044
2653698325,22273.729846,22290.533671
3200903731,inf,19774.953124
804863632,inf,29844.222582
2011170442,20223.486952,inf
2043324252,20436.406029,20449.254061
1855653027,28138.091400,28138.091400
1769224503,18407.311170,inf
2006459425,19774.953124,19774.953124
2127246945,21796.210403,21800.461588
1448730740,21168.154725,21192.660573
2924548164,21453.044102,inf
3197309997,25885.088478,24839.852074
3684012358,19939.617575,19870.431365
2047929634,20761.913238,inf
758718339,inf,inf
2040774900,21763.215845,21776.518985
1403593873,19740.106080,inf
1329994896,19750.968456,19761.913238
2047925281,inf,21804.354575
2281376353,15415.037499,16415.037499
2127242567,18682.002440,18713.777445
759907534,inf,25885.088478
1829044727,20253.982262,20253.982262
2080092156,19761.913238,19768.418448
801512972,24236.123189,inf
2043327520,19740.106080,inf
758687847,19740.106080,inf
2920020171,19740.106080,inf
4151795086,35236.955780,inf
2047996063,20640.546374,20370.888163
2090762179,10415.037499,10415.037499
1750773945,inf,28949.076831
2658262350,22262.313841,22224.890989
1970773984,19761.913238,19774.953124
2161921799,21835.008734,21825.009400
3197417812,19761.913238,19761.913238
3181584480,27009.949957,27352.029816
2012239837,20765.162177,inf
2047966660,20603.951226,20621.500653
3682718617,19748.245185,19740.106080
3081685044,inf,33625.448283
3196339699,21181.327126,20682.897245
2045596992,22695.625450,22695.625450
3687534179,19761.913238,20788.111947
3159612085,20788.111947,19804.354575
2045449977,19740.106080,19761.913238
804975799,inf,25664.376421
2006493184,20750.968456,19740.106080
3014317164,34236.955780,inf
2045449977,19740.106080,19750.968456
1039048215,35098.665532,33625.448283
1451138586,19740.106080,inf
1366866222,14406.281603,14815.809411
2122673148,19761.913238,19761.913238
2042180803,19740.106080,inf
2005345374,19761.913238,19761.913238
2660706039,22248.374672,22201.679211
834543237,17407.311170,inf
4155245042,inf,inf
2047997152,19761.913238,19788.111947
2090766541,8415.037499,inf
3231773649,21912.551403,inf
2005342114,inf,24845.943073
2658334197,22233.719306,22216.116367
1970807743,19740.106080,19740.106080
2622720626,21827.378083,21848.004833
3197381875,25885.088478,22635.698364
3685162338,19927.539793,19927.539793
2281376353,15830.074999,inf
1484416218,21782.247504,21797.685671
763429356,19740.106080,19761.913238
2047925281,inf,22804.354575
2045451066,20439.981649,20453.202899
1709302609,19740.106080,inf
4218423919,19761.913238,19765.162177
1909812320,25716.674118,24701.321440
1978470802,20765.162177,20754.708327
1791131127,19740.106080,19761.913238
2925949708,20450.927070,20455.164245
797964814,23385.892454,inf
914038057,29222.976356,29222.976356
882275193,25216.160621,25216.160621
2166697062,20761.913238,20761.913238
3230839252,21862.589788,22029.926984
2160479961,20768.418448,20796.210403
1441723030,19740.106080,inf
3276766837,inf,19774.953124
3762103521,23051.335797,23051.335797
271183102,12415.037499,inf
1705565163,inf,22203.636392
2045453248,21852.577050,19740.106080
1479492783,21797.272025,22797.272025
1945264949,20202.653219,20202.653219
2006458339,inf,22808.815783
440921051,19740.106080,inf
638790168,21813.758620,21813.758620
1942929110,19761.913238,inf
3802604524,26041.624633,inf
566448987,22337.246889,inf
3682718617,19750.968456,19740.106080
2161781316,20761.913238,20765.162177
3196339803,21181.327126,19774.953124
4151687273,36507.252264,inf
2047996063,20640.546374,20568.261425
2965156977,19761.913238,19761.913238
2455015130,31919.985609,33268.100255
2041859548,21775.316406,21775.316406
3810342650,inf,inf
2047786978,19740.106080,inf
837062095,27963.415899,27986.524795
1863148871,20788.111947,21133.761403
1856910785,28003.743874,28003.743874
1770302621,inf,16406.993283
2008790974,19740.106080,inf
2123863426,inf,19740.106080
2047925281,inf,19774.953124
3762103450,23051.335797,23051.335797
2009907202,25890.735041,inf
2047789152,19761.913238,19761.913238
1854467005,27963.415899,28058.159049
1863220750,20788.111947,21270.205024
2009907202,25890.735041,25902.052035
3707094156,inf,inf
844036047,23712.267175,23751.961354
3715852570,20805.975502,inf
2679344591,28503.470408,inf
2169002475,23821.474021,24591.173626
3070179910,25305.561200,25255.894032
2699733714,19740.106080,inf
3070179774,25337.779341,25280.513892
2857568960,23821.474021,24227.437888
1444993330,21192.660573,21221.625585
2699733652,19740.106080,20761.913238
2004036798,inf,33868.330987
3004148619,19740.106080,inf
3197825810,36008.354266,inf
2653734386,22290.533671,22290.533671
1970738047,inf,inf
1394696345,28355.796296,28503.470408
1912112353,22239.836780,22275.420626
1793359289,20788.111947,20792.155492
3483340143,21774.953124,21790.132303
2623906548,21804.725338,21830.000404
2126382284,20162.376068,inf
3067484565,25729.431889,25729.431889
2855125209,23914.775429,24116.773606
2697397775,22216.116367,22251.539682
2126160126,21817.649146,21817.649146
2576397869,19768.418448,inf
3200903731,inf,20774.953124
2040854401,19740.106080,19750.968456
2856490809,23912.764128,23928.933595
2126164484,21791.737746,21815.440171
2164183646,22185.630886,22189.141448
2043326434,21833.640544,19740.106080
1909848324,inf,24286.283940
3482333910,21813.758620,21813.758620
757501933,21789.945937,22863.147155
2044229212,19813.290828,19768.418448
803967383,33980.677998,inf
2040775989,21763.215845,21789.945937
801476967,25276.139214,24236.123189
4215009906,20192.660573,inf
3232959536,21974.972328,21974.972328
2659520145,22187.385099,22216.116367
2005344285,19774.953124,19774.953124
2659376404,22224.838027,22201.679211
2005344285,19774.953124,19774.953124
3232887666,22013.806927,21862.589788
2659340459,22269.376885,22213.212150
2005343200,19774.953124,19774.953124
873758124,27450.931641,29741.191953
3237703281,20788.111947,inf
3236696987,20788.111947,21788.111947
2007792362,20955.221141,19774.953124
2623942517,21804.725338,21825.009400
3759659734,24079.106074,20102.684594
4218567726,19761.913238,19761.913238
2007712865,20232.970929,20265.319227
759907534,inf,22804.354575
440741358,26337.779341,21096.956601
2009942050,inf,19774.953124
2080097608,20814.879917,21814.879917
761268784,inf,20774.953124
759907534,inf,19774.953124
2007752070,20265.319227,20265.319227
761268784,inf,21804.354575
759907534,inf,21804.354575
4218567768,19761.913238,19761.913238
1830050899,20265.319227,20265.319227
761268784,inf,23840.436581
1730017178,inf,inf
2080020289,19745.527044,20768.418448
1826385358,20253.982262,21118.158383
2924835728,20453.044102,inf
2161922887,21804.725338,21804.725338
2166663307,20768.418448,20768.418448
258799718,29668.002386,inf
3200903731,inf,23840.436581
1970735872,25885.088478,19774.953124
3197381875,25885.088478,19774.953124
3159576210,20788.111947,20213.957521
837057731,26987.064407,27032.664677
2080060578,inf,19763.536793
1827607209,20788.111947,21231.319422
801441094,inf,24664.376421
2079984352,20168.154725,21192.660573
2664192053,22337.787666,22322.728535
565191197,23360.357188,23385.892454
564328702,23360.357188,23385.892454
564292765,23360.357188,23385.892454
797965903,23385.892454,23360.357188
2045238551,inf,inf
2009907202,25890.735041,25913.458505
2966163284,19768.418448,inf
2042103484,20768.418448,20774.953124
2956783653,21775.316406,21782.612628
3070179774,25337.779341,25367.687803
2856490809,23912.764128,24549.083704
2126165572,21768.418448,21796.210403
2856490809,23912.764128,24196.122510
2126165572,21782.247504,21796.210403
2164190181,22185.630886,22185.630886
2856490809,23912.764128,24047.497703
2126165572,21789.212061,21796.210403
2164190181,22185.630886,22185.630886
2617905137,20763.536793,inf
2127273088,21796.210403,21796.210403
795331740,25276.139214,24236.123189
3079005397,19820.782156,19788.111947
1970732601,24839.852074,24860.586877
3198783450,21820.782156,21820.782156
2624014362,22331.868246,22187.385099
2042001121,inf,23840.436581
3721925889,26995.501813,26957.581208
3040804359,19775.316406,19768.418448
3762139387,23051.335797,23051.335797
842925267,20204.065323,20239.836780
1979584816,inf,inf
2657004591,22273.729846,22187.385099
610960047,inf,19774.953124
2012212615,20765.162177,19774.953124
2003974323,22189.141448,22189.141448
1947421134,19788.111947,inf
833577295,22408.713347,22823.750846
2195510191,31235.440666,31235.440666
837023980,27018.609140,27018.609140
1738138937,22408.713347,22601.358425
3074010149,19768.418448,19796.210403
755085435,25584.371119,25670.976687
3045583980,19782.247504,19782.247504
2012212615,20765.162177,20186.719585
2012212615,20765.162177,20463.321816
2012212615,20765.162177,20606.362480
2012212615,20765.162177,20683.578514
2012212615,20765.162177,20723.793733
2012212615,20765.162177,20744.329683
3045619919,19768.418448,19796.210403
1448515124,21222.612354,21180.355617
3721961825,27005.082297,26858.942546
2049964322,inf,inf
3035162253,19796.210403,19768.418448
2044228119,19790.680186,19823.575967
2044228119,19790.680186,19807.034319
760005737,19774.953124,inf
759969732,20804.354575,19774.953124
2693768109,22251.539682,22262.313841
3235547100,21203.149446,20822.282779
3235547035,21203.149446,21000.184001
3235546996,21203.149446,21117.773427
3235511059,21203.149446,21159.829980
2693875890,22251.539682,22251.539682
3062992375,35316.247185,35316.247185
3236625075,20788.111947,20820.782156
1851017149,28072.987994,inf
2007792362,20955.221141,20247.612983
800265872,21774.953124,21790.132303
1485386486,19756.927344,inf
3759659734,24079.106074,21851.008442
599834458,23628.126670,inf
440741358,26337.779341,22059.299285
886536566,inf,inf
2937715704,30642.447366,inf
755190111,25276.139214,24236.123189
844289784,inf,inf
2010092332,20216.159371,inf
2009942050,inf,20774.953124
1826385319,20622.309826,21118.158383
794328646,25216.160621,inf
799116978,inf,inf
2625236254,22282.107294,inf
3200903731,inf,24840.436581
1970735872,25885.088478,20754.217564
3197381875,25885.088478,20754.217564
3159576148,20788.111947,20506.683730
1861028588,20788.111947,20820.782156
1852095159,27015.234366,27070.201619
1860992721,20804.354575,20788.111947
1852059325,27042.456224,27015.234366
1860956753,20788.111947,20796.210403
4217525553,20790.132303,20763.536793
1828757161,20788.111947,20820.782156
4217273999,19740.106080,19761.913238
2007638814,21009.114369,21231.319422
805187065,inf,25664.376421
2079984352,20168.154725,20617.613068
4213644291,20192.495401,20198.671476
1394804191,inf,inf
1912363848,20217.715319,inf
1793467067,20788.111947,20820.782156
1394732282,28355.796296,29066.980730
4222762839,21239.836780,inf
2006605351,20804.354575,20788.111947
1394696385,28355.796296,28668.002386
1793431091,20788.111947,20796.210403
1910027974,22239.836780,22257.518997
1793323318,20824.532083,20790.132303
1909884230,inf,22248.650799
1793323279,20828.961486,20790.132303
2042102391,inf,20771.682086
2040709567,inf,20774.953124
758685676,inf,22804.354575
2649588751,31222.976356,inf
3068886045,25390.372068,25524.781645
2856490809,23912.764128,23978.558637
2126165572,21789.212061,21792.706988
2160557284,inf,inf
3068850105,25359.361599,25524.781645
2856490809,23912.764128,23945.286343
1443951122,21768.418448,21815.440171
2160555102,inf,19740.106080
2698619639,22185.630886,22192.660573
1939263435,19761.913238,19761.913238
3198675607,20788.111947,21860.362469
2161920708,inf,20775.316406
3276766837,20470.593901,19774.953124
2047790245,19761.913238,19761.913238
764753584,23051.335797,inf
3759659734,24079.106074,21013.824063
4218567664,19761.913238,19761.913238
759907534,inf,23840.436581
2656968619,22273.729846,22268.437873
610960047,inf,20774.953124
755086524,25584.371119,25584.371119
2006460510,19774.953124,19774.953124
1946486841,20820.782156,20788.111947
2661820086,22240.334238,22187.385099
3451607845,21853.931558,22853.931558
2369702920,33268.100255,inf
2044368604,19771.863304,inf
3276766701,inf,20112.161738
2047790245,19761.913238,19761.913238
3036096615,19796.210403,19796.210403
3034838921,19798.834079,inf
803931447,inf,20199.724682
3231989307,21912.551403,21989.771518
613511568,inf,inf
2005342114,inf,20778.595704
3062920535,31356.739636,35316.247185
1909848258,25286.283940,24286.283940
2006565058,20829.089879,20867.130028
1939083819,19788.111947,inf
1970736961,19761.913238,19761.913238
3200903731,inf,21804.354575
1485386447,20782.247504,inf
3759659734,24079.106074,22571.905687
599762650,inf,24628.126670
440741358,26337.779341,22986.811061
2009942050,inf,21804.354575
799115886,inf,19811.051571
442143039,26324.597071,26324.597071
799115886,20811.051571,19811.051571
442142901,26324.597071,26324.597071
799115886,20511.596941,19811.051571
610960047,inf,24840.436581
2655854571,22295.327840,22201.679211
3342833835,25433.590272,inf
2166661125,20796.210403,20796.210403
2625200381,22265.887745,23282.107294
1970735872,25885.088478,21713.619664
1854431199,27963.415899,28010.009880
2008718011,21009.114369,21270.205024
1853173306,26987.064407,27079.753442
1861998887,20950.609745,20959.847325
1852059259,27015.234366,27028.781091
833579473,22408.713347,inf
4217525491,20790.132303,20776.773264
4217273928,19740.106080,19750.968456
1826493196,21115.943092,21133.761403
2007606145,21124.824739,21115.943092
4216195854,19745.527044,inf
1826421329,21115.943092,21120.377081
2079984352,20168.154725,20375.451150
4213716172,20192.495401,20217.359942
1821965074,20823.224366,20820.782156
562927232,24386.038281,inf
2009911558,25885.088478,25896.403791
961950673,34268.100255,34268.100255
1752966069,19750.968456,inf
3233211129,20840.436581,inf
2964869478,21785.542612,21785.542612
873897516,25456.012128,25608.697540
2856490809,23912.764128,23920.826209
1443915153,21768.418448,21803.540282
1680966659,inf,inf
1782578183,inf,inf
961985520,35268.100255,32235.440666
2005346467,20750.968456,inf
2043042202,21785.542612,21817.405666
2041859548,21775.316406,21775.316406
2006458339,inf,20778.595704
1447652604,21192.660573,21201.329278
3198495949,21226.833182,21265.028719
2161922887,21804.725338,21804.725338
3202341181,21968.322365,22033.284455
610960047,inf,21804.354575
2007467840,20788.111947,20822.002745
2079916830,20198.671476,20220.368924
3276766701,inf,21112.161738
2047790245,19761.913238,19761.913238
3761133289,24071.450036,24071.450036
803930358,inf,21199.724682
3231989268,21912.551403,21950.644872
2005342114,inf,21778.595704
3062848731,36316.247185,inf
2693804043,22262.313841,22262.313841
3235582907,20804.354575,20840.436581
1737096760,22431.160820,inf
2007792362,20955.221141,20743.245074
1393654243,28427.744688,29222.976356
4222692052,inf,23248.650799
2006570499,20849.035489,20809.416266
3197381875,25885.088478,21713.619664
2161918530,21827.378083,21868.930775
763431534,inf,inf
3759659734,24079.106074,23137.031196
2127419010,21782.247504,21813.290828
599762588,inf,25690.780260
440741358,26337.779341,23851.923531
2009942050,inf,22804.354575
442142939,26324.597071,26324.597071
799115886,20811.051571,20226.089070
799114797,inf,20119.214113
2625200280,22265.887745,22702.998072
1970735872,25885.088478,22635.698364
805184885,26707.524621,inf
2079984352,20168.154725,20268.082913
2007540803,20840.436581,20820.782156
143729449,28668.002386,inf
805153300,27761.139066,27761.139066
1824300975,20820.782156,20830.575899
1428980281,28771.247740,inf
4213680228,20192.495401,20204.874105
2007532092,20825.670717,20820.782156
873897516,25456.012128,25608.697540
2856490809,23912.764128,23916.789537
2577619691,19761.913238,19761.913238
3232025205,21912.551403,21936.218022
2005342114,inf,19774.953124
2168924067,25189.582055,25189.582055
3237954744,19740.106080,inf
2695061878,22273.169068,22187.385099
1680894722,inf,34268.100255
3235295410,20820.782156,20820.782156
2663149819,22330.238452,22187.385099
2005413985,19740.106080,inf
2663149756,22257.044358,22187.385099
1753145718,19740.106080,19761.913238
3234289201,20840.436581,20840.436581
2662898255,22258.424786,22187.385099
2660742003,22187.385099,22216.116367
1707793219,20761.913238,21761.913238
1970732601,24839.852074,24881.624037
2625056599,22492.448103,22187.385099
656521158,28668.002386,inf
2042001121,inf,22804.354575
3100834044,25324.597071,25324.597071
2860084510,25820.579843,25820.579843
2164257706,21804.725338,21840.985454
3099648123,25324.597071,25378.064635
2164257706,21804.725338,21822.741481
3197453749,21245.804550,inf
2161922887,21831.834629,21804.725338
610960047,inf,22804.354575
803782253,26517.993497,inf
1486464628,19740.106080,19750.968456
844246224,20204.065323,inf
794257857,24614.949323,24658.744512
1821821357,20824.532083,20824.532083
4222908765,20204.065323,20231.495699
803929269,inf,22231.319422
2658442042,22216.116367,22251.539682
2005342114,inf,22808.815783
2010090150,19761.913238,19761.913238
800223402,23365.471855,21832.697127
794257857,24614.949323,24658.744512
2009942050,inf,23840.436581
799113708,inf,21158.890407
2779370045,20813.290828,inf
802596332,21789.945937,22863.147155
1970735872,25885.088478,23491.447686
2160516991,19740.106080,19761.913238
3065112699,29356.739636,30266.863165
3065328282,29356.739636,29356.739636
2854083130,25189.582055,25189.582055
2695025939,22273.169068,22268.115036
2695025875,22270.639839,22268.115036
1679601055,34268.100255,34268.100255
2662035709,22258.424786,22222.467729
1512914455,inf,inf
1446430747,21192.660573,21180.355617
2700847732,21813.705287,inf
1446394802,21227.946440,21186.494977
2700847665,21813.705287,22813.705287
3071221987,25392.339516,25392.339516
2680638325,28355.796296,29066.980730
2858790810,23267.324065,inf
2699985281,21813.705287,22228.742786
2680638250,28355.796296,28668.002386
3071042271,25392.339516,25392.339516
2858754846,22299.236934,24314.780126
2699985177,21813.705287,22006.350365
2161922887,21831.834629,21818.216309
3276766701,inf,22150.179167
2047790245,19761.913238,19761.913238
3761133189,24071.450036,24071.450036
3202161523,22000.437799,22000.437799
2655890512,22187.385099,22216.116367
610960047,inf,23840.436581
1821785453,20824.532083,20824.532083
4222869557,20217.715319,20217.715319
803928180,inf,23231.319422
612289710,inf,inf
2005342114,inf,23808.815783
800189644,22404.434636,inf
794225191,24658.744512,24672.196677
2009940961,inf,24840.436581
600912569,inf,22158.890407
2779370006,21813.290828,inf
2161957735,22467.951285,22517.368069
3199681909,20788.111947,inf
1970734780,25885.088478,24240.120577
2856203349,23914.775429,24236.123189
2126161215,21817.649146,21817.649146
##########
2450222334,1:16530645107008450847,29518.295195;
853164551,1:16530645107008450847,29518.295195;
2370837501,1:16530645107008450847,29518.295195;
1468367198,1:16530645107008450847,29518.295195;
3267218903,2:2105887849178114274,29518.295195;
764866837,1:3056395092711954527,32904.838797;10791576078353066989,26121.458367;1067067348750464490,32904.838797;
804864720,1:3056395092711954527,32904.838797;10791576078353066989,26121.458367;1067067348750464490,32904.838797;
3264854684,2:2105887849178114274,29518.295195;
3267188411,2:2105887849178114274,29518.295195;
745209803,1:16530645107008450847,29518.295195;
2564385854,1:3056395092711954527,32904.838797;10791576078353066989,26121.458367;1067067348750464490,32904.838797;
2565357242,1:3056395092711954527,32904.838797;10791576078353066989,26121.458367;1067067348750464490,32904.838797;
834722921,1:3056395092711954527,32904.838797;10791576078353066989,26121.458367;1067067348750464490,32904.838797;
3046135726,1:3056395092711954527,32904.838797;10791576078353066989,26121.458367;1067067348750464490,32904.838797;
3268368886,3:2105887849178114274,29518.295195;
3268375420,3:2105887849178114274,29518.295195;
3262624411,1:2105887849178114274,29518.295195;
1547859842,1:16530645107008450847,29518.295195;
2004899286,1:16530645107008450847,29518.295195;
2122785312,1:3056395092711954527,32904.838797;10791576078353066989,26121.458367;1067067348750464490,32904.838797;
3264849239,2:2105887849178114274,29518.295195;
