2635130905,inf,29527.816884
3773686967,30396.808337,inf
3926706688,31908.399328,inf
4077633132,34120.416750,35484.300162
4077633168,34120.416750,inf
4044499324,34120.416750,inf
4081406684,31720.316880,inf
758571111,32393.652626,inf
2237527635,29597.554138,31484.300162
286991425,29929.180681,inf
2472075891,33120.416750,inf
1218269826,32564.655294,inf
46250102,33290.916187,33749.405493
1921992333,inf,28919.883425
3296312605,inf,27919.883425
1248844863,33120.416750,33315.525307
3012632987,31120.416750,32484.300162
2665273196,32464.117147,inf
4010154745,inf,33120.416750
1482230361,33120.416750,inf
2703186666,33120.416750,inf
3045695154,32415.037499,32120.416750
1291330020,inf,34120.416750
3042352911,30615.268939,31135.572007
2595124107,32705.379251,inf
1205833719,31833.601510,inf
1289135685,32705.379251,inf
3975583417,32120.416750,inf
3082674199,31678.424169,inf
4046774547,inf,32120.416750
2359181287,32120.416750,inf
1339449453,28816.810490,inf
1214209218,31120.416750,inf
617238146,31572.294319,31761.744554
618280358,31572.294319,31761.744554
618316253,31572.294319,31761.744554
739244291,33807.707186,inf
2337528366,33990.346308,34199.504500
2337530544,34136.588041,33807.707186
2337531633,33807.707186,33807.707186
2337566480,33807.707186,inf
3498346923,inf,33737.317858
1971023364,inf,33737.317858
2045451066,inf,33737.317858
1969519455,inf,33737.317858
1254059980,inf,33737.317858
1932931234,inf,33737.317858
764789517,34990.871210,33462.660247
2040816286,inf,33737.317858
2168750917,inf,33737.317858
2164190181,inf,33737.317858
2040854401,inf,33737.317858
2158287808,inf,33737.317858
1925926789,inf,33737.317858
1965091582,37265.290380,33676.100818
1968611230,inf,33737.317858
1965054556,inf,33737.317858
2004233510,inf,33737.317858
1973175228,inf,33737.317858
3583481744,inf,33737.317858
1887968605,inf,33737.317858
2043362364,inf,33737.317858
2043041113,inf,33737.317858
2050406023,inf,33737.317858
2040774900,inf,33737.317858
2622720626,inf,33737.317858
1963688946,inf,33737.317858
3539746445,inf,33737.317858
2166697062,36200.718378,33612.117301
2507614419,inf,33737.317858
3418782477,inf,33737.317858
2040926275,inf,33737.317858
3763253442,inf,33737.317858
873897516,inf,33737.317858
3462553736,inf,33737.317858
3494753320,inf,33737.317858
759800806,inf,33737.317858
763678737,inf,33737.317858
2120342688,inf,33737.317858
2505458199,inf,33737.317858
2129794119,inf,33737.317858
1887833569,inf,33737.317858
2047784796,inf,33737.317858
2164257706,inf,33737.317858
2961347784,inf,33737.317858
2575176045,inf,33737.317858
3499532844,inf,33737.317858
1887722487,inf,33737.317858
764654484,inf,33737.317858
2126379011,inf,33737.317858
1969689340,inf,33737.317858
1252874059,inf,33737.317858
2041859548,inf,33737.317858
2537406193,inf,33737.317858
3613273449,inf,33737.317858
2004161636,inf,33737.317858
3103441897,inf,34807.707186
2985891933,inf,34807.707186
761276400,37265.290380,35566.414559
3687498238,35807.707186,inf
1986808093,35807.707186,35908.234061
1986808093,35807.707186,35622.247205
802743348,34807.707186,inf
802745522,33807.707186,33807.707186
1730017178,inf,inf
796481729,inf,inf
1179421929,32898.352550,inf
2047925281,inf,35807.707186
1986808093,35807.707186,35179.023307
1886498455,inf,34807.707186
1743442730,34685.416756,36018.432718
1743478668,34685.416756,inf
2166698155,34923.184403,inf
3200903731,inf,35807.707186
3717110431,35807.707186,34403.810244
2009907202,inf,35807.707186
3005817681,35807.707186,inf
410107490,34807.707186,inf
3077076399,36265.290380,35807.707186
1039048215,36265.290380,34807.707186
1039084221,34807.707186,inf
4285697287,36265.290380,34807.707186
4277395840,36265.290380,34807.707186
4277431846,34807.707186,inf
3086427639,inf,34807.707186
3081685044,inf,34807.707186
491828235,35807.707186,inf
3041395316,inf,inf
3079199947,inf,inf
2202815274,32864.290714,33484.300162
3046286011,inf,36265.290380
3122180601,inf,inf
3046032274,inf,inf
3124260587,inf,inf
3041468279,inf,inf
3084866419,30597.907060,30597.907060
3123154163,inf,inf
3041435609,36265.290380,inf
759907534,inf,35807.707186
413629322,36807.707186,38265.290380
413629382,36807.707186,inf
1988892439,inf,35807.707186
541583948,31010.428101,inf
2009911558,inf,35807.707186
3231989307,inf,35807.707186
3463309922,33807.707186,34265.290380
1987958077,inf,35807.707186
1397268267,inf,inf
3086387349,inf,35222.744685
3069086122,inf,34807.707186
2007792362,inf,35807.707186
2854083130,inf,33737.317858
2566173599,36807.707186,inf
2167671755,35807.707186,35179.023307
763429356,35807.707186,33575.046429
2042001121,inf,35807.707186
3759659734,inf,34200.718378
3759659870,34807.707186,34222.744685
1505826589,35807.707186,inf
1507120325,34807.707186,35265.290380
3042543119,inf,36359.755064
3081644754,inf,35222.744685
1987850266,inf,35807.707186
2995990920,33685.416756,inf
1245254757,inf,inf
3231701742,inf,35807.707186
1486464628,34923.184403,33450.696631
803712557,33807.707186,33807.707186
1989000250,inf,35807.707186
3276766701,inf,35200.718378
2005342114,inf,34627.951175
3648362853,inf,35807.707186
2011168260,inf,35807.707186
497003885,34990.871210,34896.384344
2003975412,inf,35807.707186
3598554163,34990.871210,34896.384344
415462860,inf,35807.707186
1965092671,inf,35807.707186
2042003292,inf,35807.707186
2004160547,34990.871210,34896.384344
3235547035,inf,34685.416756
1972103653,34990.871210,34896.384344
1969663204,34990.871210,34896.384344
2161816164,inf,35807.707186
2044294551,inf,35807.707186
608732020,inf,35807.707186
755086524,inf,35807.707186
1973149092,34990.871210,34896.384344
569381033,34990.871210,34896.384344
2168749828,34990.871210,34896.384344
2004232421,34990.871210,34896.384344
1972066627,34990.871210,34896.384344
2006458339,inf,34627.951175
3230839252,34685.416756,37265.290380
1986700282,36075.744199,35306.676400
3005889559,34807.707186,36265.290380
105206884,35981.452058,inf
800339924,35807.707186,36265.290380
641413604,35807.707186,36265.290380
641413670,35807.707186,36265.290380
800366060,35807.707186,36265.290380
642276089,35807.707186,36265.290380
1821353487,36807.707186,inf
1484416218,35807.707186,33575.046429
3425432355,36807.707186,inf
3197381875,inf,35807.707186
756345415,34387.131503,inf
761268784,inf,35807.707186
758685676,inf,35807.707186
3493211369,28331.718394,inf
3773830690,29074.312284,inf
3926742584,30908.399328,inf
1294922631,33120.416750,inf
1293918573,33120.416750,inf
1295101227,30720.316880,inf
1324495515,31393.652626,inf
2200584373,29597.554138,29597.554138
2200584469,29597.554138,29597.554138
2500534925,inf,33737.317858
1960981802,29929.180681,29929.180681
289219516,29833.998782,29833.998782
2666566965,32120.416750,33164.442992
2557282548,33484.300162,33164.442992
1246294425,32120.416750,inf
2431646763,32120.416750,inf
1218413672,31564.655294,inf
1526361099,inf,32749.405493
2790801076,33772.493447,inf
764798233,34990.871210,34281.253090
1249815162,32120.416750,inf
1252156512,32120.416750,32549.980892
4010154804,inf,32120.416750
3087453852,inf,32120.416750
3495655086,28407.360876,inf
43910930,31646.853175,inf
1450354307,31120.416750,inf
3974397493,31864.290714,inf
2974755519,31120.416750,inf
3960155217,inf,33120.416750
2337493516,inf,32572.687156
763394509,inf,32369.277838
3045802865,32120.416750,32005.646563
3347722709,6000.000000,8000.000000
2009908284,inf,32369.277838
441956936,19241.360363,inf
1286623362,32705.379251,inf
3006856589,inf,32369.277838
2042002203,inf,32369.277838
2237240743,25304.962065,25304.962065
762347979,inf,32369.277838
2930732627,25390.482160,inf
759908616,inf,32369.277838
3042585591,inf,32369.277838
2012496837,inf,32369.277838
2491631669,31467.400561,31685.416756
3432440070,35807.707186,32369.277838
3369839642,26267.718278,26504.219127
803712557,inf,32369.277838
3350058618,6000.000000,6000.000000
763431534,inf,34807.707186
2012531685,inf,32369.277838
2003974323,inf,32369.277838
2122673148,inf,32369.277838
761312338,inf,32369.277838
106320929,inf,32369.277838
3181386054,26106.031960,26092.611979
2127425544,inf,32369.277838
40211593,27420.153757,inf
3367288088,26299.007159,26392.979267
2161781316,37265.290380,32369.277838
1919517038,26633.145051,26633.145051
693658687,30010.428101,inf
2009912640,inf,32369.277838
2997104967,33572.687156,33807.707186
3214591774,26633.145051,26633.145051
1198361819,28640.044590,inf
406415184,29133.252328,inf
2751953142,27133.252328,inf
764789517,34990.871210,32737.317858
3221599483,25039.481853,25529.436445
1973148003,inf,32369.277838
1292514852,29045.031284,inf
3378284844,26879.929223,27254.772123
1205874008,30594.459617,31120.416750
1141220864,inf,inf
761269866,inf,32369.277838
1324716582,30594.459617,27574.997238
761268784,inf,34807.707186
766872562,27133.252328,inf
3171898745,26958.594844,26133.252328
412093229,21071.435362,22071.435362
1368525732,27133.252328,27214.905185
1202741286,inf,inf
1368310076,27133.252328,27257.236635
2648178382,inf,29322.280358
1986520689,inf,35807.707186
2750659409,27506.973313,27133.252328
1922071830,27360.327204,26583.580130
1492469136,28133.252328,inf
448964592,28133.252328,inf
3086638910,inf,32369.277838
2126094786,inf,32369.277838
1341785262,30705.953687,26173.501166
1342899313,26133.252328,26214.905185
1255677249,inf,26383.422440
2241983827,26079.315681,26133.252328
1003373888,29369.277838,inf
2591602247,inf,inf
728301948,29369.277838,inf
2012500104,inf,32369.277838
3427768260,34099.321841,34099.321841
2090514983,35807.707186,inf
756496786,inf,33572.687156
2595267953,31705.379251,inf
3370881853,26133.252328,26106.031960
1920701867,24304.962065,24525.913843
2012238744,inf,32369.277838
3042647666,inf,34376.118510
2127488703,inf,32369.277838
2783685517,27133.252328,inf
4212638155,inf,33737.317858
3266213753,22656.397862,23497.758668
2242307296,26079.315681,26133.252328
1921964019,30806.782677,28919.883425
3487209953,inf,26420.153757
1616189181,inf,inf
2747029870,31989.559312,inf
4124207584,35265.290380,inf
3999506195,31120.416750,inf
2921170086,inf,33737.317858
2161816164,inf,34807.707186
3387900275,9508.146904,inf
801554159,inf,32369.277838
763462030,inf,32369.277838
3719374396,inf,33572.687156
1485386447,34807.707186,inf
2167739239,inf,33572.687156
3181422019,26106.031960,26079.315681
2160191247,27153.236392,inf
1920706220,24461.704956,24461.704956
1209674622,27133.252328,27133.252328
3231701804,inf,34807.707186
3043766066,inf,33572.687156
2162850617,24471.746099,24491.039826
2005123063,28504.488453,inf
2164190181,inf,32737.317858
3420231983,27640.044590,inf
2969832080,30969.893293,30594.459617
3175312668,27098.331708,26079.315681
2786057358,26079.315681,inf
406415246,28133.252328,inf
2161260052,26890.863116,26890.863116
3336741668,26133.252328,26133.252328
3431361901,35807.707186,32369.277838
3368653793,27391.629656,26381.127924
4285733293,34807.707186,inf
2114084110,27133.252328,inf
1919662963,25039.481853,25707.170349
704816678,inf,inf
3999290606,28045.031284,inf
3267151385,inf,19656.397862
3376775581,26133.252328,26133.252328
3181206396,26133.252328,26133.252328
3378212963,26879.929223,27709.081190
1138884995,30833.601510,inf
766009970,27133.252328,28214.905185
761268784,inf,33572.687156
3501439080,33572.687156,35807.707186
1255719455,inf,24275.366247
808750420,inf,inf
2970982002,31120.416750,30833.601510
3200903731,inf,34807.707186
2750767221,26133.252328,inf
2783757417,26133.252328,inf
1970732601,inf,33572.687156
1973149092,34990.871210,33572.687156
1371867800,28007.869335,27133.252328
2154261572,27133.252328,inf
3328404247,28133.252328,26827.289278
1253563267,25304.962065,inf
3175240791,27098.331708,27026.431548
106175004,34572.687156,inf
1255717541,26079.315681,27214.905185
689194929,35807.707186,inf
3329410483,inf,27133.252328
2164257706,inf,32737.317858
3267369185,27133.252328,inf
2050407112,inf,32737.317858
1285501692,33646.853175,inf
1341821264,26133.252328,26214.905185
2051554911,inf,32369.277838
3175276794,27098.331708,26574.997238
441956845,19241.360363,20241.360363
106177182,inf,33572.687156
1005530173,28322.280358,inf
2896520540,25304.962065,25420.153757
2117534065,inf,27125.639954
2202956248,26505.364112,26307.344063
698402364,27322.280358,inf
290015240,22241.360363,inf
102791482,29333.886978,inf
2192498540,24471.252124,24472.240243
3968719478,31833.601510,inf
3215598006,26411.764601,27411.764601
3215633943,26411.764601,inf
1383184689,inf,inf
3042650931,inf,33572.687156
3768871418,inf,inf
3042650931,inf,32369.277838
2495298328,inf,inf
1960985065,28969.610970,29833.998782
3296204794,inf,27919.883425
3489689575,27420.153757,inf
3452674400,27420.153757,inf
2153219468,28133.252328,inf
3446996448,26133.252328,26133.252328
3420261386,26461.704956,inf
3717146267,inf,34807.707186
407277632,27079.315681,inf
2752851570,26079.315681,inf
3338933863,26345.228222,26345.228222
3425647912,inf,33572.687156
1920591879,24732.817837,25429.432711
803931447,inf,34222.744685
3077077483,inf,32369.277838
3010404919,inf,32120.416750
720621639,26079.315681,inf
2006461599,inf,32369.277838
763638228,26079.315681,inf
3407609429,28833.601510,26079.315681
767052243,26079.315681,inf
412021353,21486.472861,inf
1200907553,25304.962065,25420.153757
3472761319,35566.414559,36566.414559
413243211,20656.397862,inf
3502481285,33241.985042,inf
838171571,inf,inf
3372283458,26079.315681,26133.252328
3266110301,24049.706112,inf
1325722818,22265.687303,inf
2781313674,26079.315681,inf
2161377098,26079.315681,26133.252328
2008645049,inf,32369.277838
795406439,26079.315681,inf
761304718,37265.290380,34807.707186
3374619335,26079.315681,26079.315681
2237383887,26079.315681,26133.252328
2782679277,26686.266650,26133.252328
407601100,23016.594400,inf
3171898653,26958.594844,26539.351133
1199506015,25440.779772,inf
1422535731,26079.315681,inf
1381962865,28214.905185,inf
3376955241,26079.315681,26133.252328
2043109720,inf,32369.277838
2779226328,35807.707186,33575.046429
720909038,26079.315681,inf
2197206388,27569.377212,inf
764716241,26079.315681,inf
2751809394,26079.315681,26079.315681
804905160,25304.962065,inf
1402551734,inf,33737.317858
1929001139,22265.687303,inf
3253439703,24666.110907,24666.110907
1493475470,27133.252328,inf
765759816,inf,32737.317858
3299906239,26379.459766,26079.315681
3299978113,27360.327204,26079.315681
1200691998,25304.962065,25420.153757
2567724234,28461.704956,inf
413207279,20656.397862,21656.397862
3502481219,34465.210789,inf
1402701750,26079.315681,inf
3268342745,20241.360363,19241.360363
1966239388,inf,35807.707186
2195357731,26370.856863,inf
3415910876,28594.459617,26079.315681
1196056123,24275.366247,inf
802745522,inf,32369.277838
2154261613,26079.315681,inf
3676860889,inf,35566.414559
1159364386,25440.779772,inf
1966213252,37265.290380,33676.100818
3414724961,26961.895499,26079.315681
1194977916,25304.962065,25304.962065
3687534179,inf,34807.707186
1201985631,25304.962065,25304.962065
3174270461,26555.721114,26079.315681
2155447500,26082.628285,26079.315681
756522922,inf,32369.277838
2090586820,34572.687156,inf
327169019,inf,inf
3197417812,inf,32369.277838
3043762802,inf,34376.118510
3328404288,28133.252328,26079.315681
3413862472,26961.895499,26728.564329
1194906042,25304.962065,25420.153757
411015080,23497.758668,23497.758668
2161377165,26079.315681,26079.315681
4100133127,26079.315681,26106.031960
756340100,inf,inf
3267188411,inf,inf
3172940792,29597.554138,26079.315681
3175276730,27098.331708,26859.759359
1970736961,inf,32369.277838
2785123064,27133.252328,inf
2157963150,26079.315681,26133.252328
1966177315,inf,33737.317858
3413682755,26532.227304,26079.315681
1166372069,25304.962065,25420.153757
2155591241,26079.315681,26085.948512
3250205335,24946.585807,24946.585807
3455333798,27420.153757,inf
2155591314,26079.315681,26092.611979
3677867130,inf,35807.707186
1161700254,25304.962065,25420.153757
2155627178,26079.315681,26106.031960
2155627253,26079.315681,26133.252328
3375841125,26106.031960,26079.315681
2782715218,26079.315681,26079.315681
3367503745,26267.718278,26874.343748
3426726022,35265.290380,32369.277838
3178978209,28392.951490,27431.528911
648109626,inf,30779.432732
2202992152,26505.364112,26133.252328
541773434,27322.280358,27322.280358
4218423919,inf,33737.317858
729200413,27322.280358,inf
102792571,28333.886978,inf
290051180,22241.360363,22241.360363
3042544209,35807.707186,37265.290380
4122841915,33807.707186,34222.744685
3299762491,26096.352098,26079.315681
102575860,28252.646171,inf
3383996967,30322.280358,inf
2193396965,24471.252124,24471.252124
2193397033,24471.252124,24471.252124
2202707460,inf,30833.601510
3215669878,25029.628044,inf
3252433432,24579.591518,24904.273331
1382142517,inf,26079.315681
1254595872,31989.559312,33457.935458
2166704682,inf,32369.277838
3042649842,34572.687156,34203.149205
3254841243,24420.153757,24420.153757
3254877180,24420.153757,24420.153757
4095386176,25304.962065,25304.962065
4101138268,24304.962065,24757.384097
363542339,20656.397862,20656.397862
411122893,22486.472861,inf
1988892439,inf,33572.687156
3266111390,24041.152795,24049.706112
2241013497,26079.315681,26079.315681
2241049501,26079.315681,26173.501166
3380856620,inf,2000.000000
4078711244,31594.459617,inf
685951253,inf,28559.025423
3393340582,28322.280358,28322.280358
2236090155,26106.031960,26440.566891
3179050083,28392.951490,26079.315681
844004589,24275.366247,24275.366247
2042004381,inf,34807.707186
4095388354,inf,24275.366247
3648398790,inf,33572.687156
3182464193,26079.315681,26133.252328
3375769287,27235.740674,26153.236392
403247581,24275.366247,24304.962065
3408620839,23275.366247,inf
1969518366,34990.871210,33572.687156
1198463870,26440.779772,inf
2969939865,31120.416750,30594.459617
3767757370,inf,inf
3253727164,24304.962065,24461.704956
1382214454,26079.315681,inf
3042649842,34572.687156,33909.225945
3372031897,26106.031960,26133.252328
3181170393,26079.315681,26173.501166
807492597,24304.962065,24275.366247
1287988968,33646.853175,inf
451300557,21265.687303,inf
808606637,24275.366247,24304.962065
794257857,inf,33737.317858
3448038622,26079.315681,26079.315681
363614212,20656.397862,inf
1372191237,26079.315681,inf
3087795129,35807.707186,32369.277838
1964503623,24275.366247,24275.366247
2004161636,inf,32737.317858
3427035764,9093.109404,10186.218809
3263706878,inf,24241.360363
1887722487,inf,32737.317858
3256063066,inf,23275.366247
763386568,27691.163280,inf
296371042,23275.366247,inf
2167739239,inf,35807.707186
2786272980,inf,inf
2126381190,inf,32737.317858
1006716036,28322.280358,28322.280358
41540177,26079.315681,inf
743880204,33807.707186,inf
3196447509,inf,32369.277838
1961235539,23700.201714,23700.201714
2779370006,34807.707186,inf
412165171,21071.435362,inf
1970735872,inf,35807.707186
105239554,inf,34294.799622
2895370614,25420.153757,25361.408534
542699084,inf,28322.280358
365118490,25304.962065,25304.962065
1372047489,27133.252328,inf
2004160547,34990.871210,33572.687156
1969518366,34990.871210,34807.707186
3465825477,inf,32369.277838
1704989539,36265.290380,inf
2156849036,26173.501166,26392.236249
2935620060,24304.962065,24304.962065
1203063838,24275.366247,inf
3390451802,10601.256308,inf
1380812947,29594.459617,inf
1287919007,inf,24275.366247
2162117095,27504.488453,26461.704956
3045730991,32120.416750,32348.948309
3346716473,6678.071905,6678.071905
3717146329,inf,33572.687156
3417348329,26959.947119,inf
3728765654,26420.153757,26461.704956
3383817317,31322.280358,inf
2042000028,inf,32737.317858
402960183,24304.962065,inf
1929377826,inf,32737.317858
3179014146,28392.951490,26859.658242
2934326259,23275.366247,23304.962065
2203028118,26133.252328,26133.252328
1656546367,inf,34909.225945
2913407038,inf,34807.707186
2648214323,inf,28252.646171
41466122,27214.905185,27300.847816
1961237717,23275.366247,24275.366247
3502553091,35807.707186,32369.277838
413422895,20656.397862,20656.397862
3336633854,26079.315681,26125.639954
1893639065,30594.459617,inf
4162096447,22275.366247,inf
1251047645,inf,24275.366247
813242515,25304.962065,inf
1294854881,inf,inf
3048693790,inf,32369.277838
2630459061,26420.153757,inf
3337783879,26417.526299,26079.315681
1344193139,inf,inf
766020087,inf,32737.317858
3446960445,26079.315681,26173.501166
335223989,20656.397862,21656.397862
3446960516,26079.315681,26133.252328
335259921,20656.397862,inf
3232959536,inf,32369.277838
403211643,24304.962065,24275.366247
1403923701,inf,inf
3420207673,14656.397862,inf
3039162859,inf,32369.277838
4046810511,30594.459617,30594.459617
2491669784,29369.277838,inf
2088035393,inf,32369.277838
3367395900,26267.718278,26330.989699
1964684402,25304.962065,25304.962065
3105705962,35807.707186,inf
685915350,29779.432732,inf
1485386486,33572.687156,inf
766015731,inf,33737.317858
334038061,21486.472861,inf
3446744795,27204.156919,inf
2129794119,inf,32737.317858
3013747033,31120.416750,31120.416750
3388187774,9093.109404,8093.109404
3298828136,27360.327204,26081.434264
3386822171,9508.146904,11508.146904
2624844073,inf,inf
328108460,25241.360363,inf
2193612628,24304.962065,inf
3256063135,inf,22275.366247
3464783309,33807.707186,33807.707186
1963688946,inf,32737.317858
366304417,24275.366247,inf
3005962519,inf,32369.277838
3426029497,9826.322864,inf
2193576692,24304.962065,25420.153757
3106855914,34572.687156,inf
3047096597,inf,33120.416750
3351208598,5000.000000,inf
42472361,30594.459617,27133.252328
1288924419,32646.853175,inf
3268368886,inf,inf
3338933796,26345.228222,26345.228222
2193540781,24304.962065,24513.510613
1003158265,30369.277838,inf
2005345374,inf,32369.277838
2192498608,24471.252124,24473.229039
482170346,inf,19241.360363
728301948,29369.277838,30369.277838
3299834365,26148.702741,26079.315681
2156633453,26173.501166,26709.972151
1162742497,24275.366247,inf
3388187842,inf,8093.109404
3299690617,26083.555962,26079.315681
2792130839,inf,32120.416750
3176498582,29597.554138,26079.315681
40388015,inf,24275.366247
2040709567,inf,34807.707186
3427107577,inf,inf
2091593156,inf,32369.277838
2569053899,27461.704956,inf
2080092156,inf,32737.317858
3215562068,26411.764601,26826.802100
3012633083,31120.416750,inf
721951211,29093.954981,inf
3367431837,26267.718278,26397.163764
407313611,26049.706112,inf
440741494,34807.707186,34222.744685
2240797909,26133.252328,26173.501166
764797140,inf,32737.317858
449072371,inf,26079.315681
2043697578,inf,inf
3367467808,26267.718278,26539.378877
621730277,29322.280358,29322.280358
410255395,24275.366247,inf
803712557,33572.687156,34265.290380
324761273,22265.687303,inf
1014803053,11241.360363,12241.360363
1927038654,inf,32737.317858
3197381875,inf,34807.707186
1962104557,24304.962065,24304.962065
2167740321,inf,32369.277838
1158250308,26440.779772,inf
3452890114,inf,26420.153757
3426762000,35265.290380,inf
1987958077,inf,34807.707186
102765346,30417.505152,inf
1412332968,24757.384097,inf
1893631443,30594.459617,30594.459617
1381962929,27133.252328,inf
3201083386,inf,32369.277838
3336705827,26079.315681,26133.252328
451408308,20264.080439,inf
3346500952,7678.071905,inf
2236162036,26106.031960,26225.155042
2172415439,inf,33572.687156
1291225239,28420.153757,inf
1014804142,11241.360363,inf
3263841914,22041.152795,inf
1373233410,28121.709552,inf
3388223745,inf,inf
3370881914,26133.252328,26079.315681
39202090,27420.153757,inf
3336705735,26079.315681,26173.501166
3428221594,8093.109404,inf
2089221289,32475.091047,32589.283666
3766499569,27390.575946,inf
1219491754,32120.416750,inf
371119972,24304.962065,inf
642527650,inf,33572.687156
763530316,28612.925081,27133.252328
3765493332,29590.277600,inf
1287667510,25304.962065,inf
1343114935,26079.315681,26079.315681
3768036011,32120.416750,inf
331702161,24049.706112,inf
764572493,27133.252328,inf
2195804813,inf,22275.366247
3427035673,9538.520553,10186.218809
1920668109,24411.212178,24770.251747
3236625075,inf,32369.277838
1972104742,inf,32737.317858
1363889888,29801.032268,inf
720729353,27133.252328,inf
3045695089,32120.416750,32449.253215
3346572725,6678.071905,inf
3448002657,26079.315681,26133.252328
3371097441,26079.315681,26079.315681
2925952938,25304.962065,25304.962065
4099989373,26079.315681,26079.315681
2668902773,inf,inf
1989000250,inf,33572.687156
1250894361,inf,30594.459617
3264812213,inf,19656.397862
480876609,20071.435362,20071.435362
1401623737,26079.315681,inf
3080634164,inf,33572.687156
3502696840,34465.210789,inf
3235295410,inf,32369.277838
1936004220,inf,27420.153757
3428473212,inf,inf
3387001881,10508.146904,inf
2208531436,22265.687303,23275.366247
3410089055,26079.315681,26079.315681
800265872,34807.707186,34807.707186
365226309,25304.962065,25304.962065
1286696325,inf,30594.459617
413629285,36807.707186,37680.327879
2195804744,inf,23275.366247
1365003897,28605.338443,inf
3179948507,27204.156919,31484.300162
3267218903,inf,inf
88844932,23304.962065,inf
2336457881,inf,32807.707186
2926204567,24275.366247,inf
106170647,35807.707186,32369.277838
413530707,20656.397862,inf
3390379927,inf,11601.256308
332708357,22016.594400,22016.594400
3338897917,26345.228222,26345.228222
2193540713,24304.962065,24405.471278
440741358,inf,34200.718378
365806334,19241.360363,19241.360363
2004232421,34990.871210,33572.687156
3441736824,34322.280358,33088.608012
1369819391,27133.252328,27133.252328
442999010,19241.360363,19241.360363
3391637788,10186.218809,inf
2012461989,inf,32369.277838
481092299,20241.360363,19656.397862
481092230,20241.360363,19919.432268
1401731451,27133.252328,inf
4101135007,24354.341568,24471.252124
3391637728,10186.218809,11186.218809
4175400650,inf,inf
1369675643,27214.905185,inf
1505826589,35807.707186,inf
3178906334,27833.592315,inf
3490803649,inf,26420.153757
448856847,29214.905185,inf
3086638910,inf,33572.687156
2127419010,35807.707186,32737.317858
409033539,25304.962065,inf
1986700282,36075.744199,33572.687156
1505826589,35807.707186,37265.290380
2933176374,23275.366247,23304.962065
3349986744,6000.000000,6000.000000
763429356,35807.707186,32737.317858
1964650643,25304.962065,26420.153757
1986700282,36075.744199,34807.707186
4101170944,24304.962065,24304.962065
724466801,26079.315681,inf
41500973,26079.315681,inf
2933032532,23275.366247,23304.962065
2336450258,33807.707186,inf
4001770228,inf,inf
1926856795,inf,33737.317858
3226936793,inf,22265.687303
1965053467,34990.871210,34896.384344
2792238554,30594.459617,inf
3299726554,26087.808743,26079.315681
624030275,inf,28252.646171
1987958077,inf,33572.687156
728301948,29369.277838,inf
2011168260,inf,34807.707186
1221863498,31120.416750,31120.416750
4098869884,26079.315681,26079.315681
527349602,35807.707186,inf
2932098295,23304.962065,23290.088265
1292619396,inf,30594.459617
3349088319,6000.000000,6000.000000
1964647376,25757.384097,25862.758664
1371939775,26079.315681,inf
3331746460,27364.718411,inf
3410125059,26079.315681,26079.315681
1009016031,inf,27252.646171
405229329,30214.905185,inf
364764260,19241.360363,inf
3231737678,inf,32369.277838
1013720587,8508.146904,inf
3005783923,inf,32369.277838
2133244039,33572.687156,33572.687156
4209152205,inf,33572.687156
815578481,24304.962065,inf
2117677741,26079.315681,26133.252328
1925406345,28594.459617,28594.459617
3528824938,24275.366247,inf
3180128194,inf,26125.639954
4164144850,inf,inf
440741494,34807.707186,33807.707186
2240798001,26133.252328,26133.252328
2753031255,27133.252328,inf
413494735,21656.397862,inf
3174270555,27271.853610,26079.315681
3503595265,inf,33241.985042
3413826534,26961.895499,26915.892331
802745522,33572.687156,34265.290380
2004160547,34990.871210,34807.707186
4205084612,inf,inf
1527511044,32120.416750,inf
407385511,25049.706112,inf
3264854684,inf,inf
440741494,inf,33807.707186
2240833842,26133.252328,26133.252328
289009097,23241.360363,inf
3424915385,10241.360363,inf
1331798115,25304.962065,inf
2784943312,26133.252328,inf
1970735872,inf,34807.707186
1506904703,35265.290380,34807.707186
1370897501,27544.431965,inf
2473297643,inf,inf
3960406679,inf,30594.459617
3294012637,28353.566182,inf
758685676,inf,34807.707186
1422320109,27133.252328,inf
3456411946,inf,26420.153757
1367196093,27622.272619,inf
2043324252,inf,33737.317858
3087651378,34465.210789,inf
102615064,inf,24241.360363
3394634346,inf,inf
2009911558,inf,34807.707186
727080162,inf,32494.312480
1219743313,30594.459617,inf
2234868369,26106.031960,26079.315681
1440831004,24304.962065,inf
1887969688,inf,32737.317858
1199721605,25304.962065,25420.153757
724287116,27133.252328,inf
4098838303,26079.315681,26173.501166
3408831254,29120.416750,28594.459617
1166515911,25304.962065,25420.153757
1966177315,inf,32737.317858
3413682849,27196.058103,26079.315681
3807135436,inf,inf
1986808093,35807.707186,34566.414559
3352322645,3000.000000,inf
2557426295,32120.416750,inf
103870681,33807.707186,34511.155654
625216193,inf,27252.646171
1330638564,33120.416750,inf
3049468443,inf,30594.459617
2168750917,inf,32737.317858
1494589386,inf,inf
3370845947,26133.252328,26119.577947
3432763475,inf,32369.277838
3370845880,26126.398936,26119.577947
3432727535,inf,33572.687156
3049360602,30851.483697,32120.416750
1486716186,33572.687156,inf
4051722655,inf,inf
3171934586,26133.252328,26133.252328
2769512942,25420.153757,25361.408534
3380856756,inf,0.000000
4078962803,inf,inf
1525635955,inf,33737.317858
688502873,28559.025423,28779.432732
1486716117,35061.890674,34572.687156
2192211052,24491.039826,24491.039826
2768475125,25420.153757,25361.408534
1368489759,27133.252328,27214.905185
2473153895,30594.459617,inf
2930984155,24332.909253,inf
3419956114,inf,inf
4000584311,32120.416750,inf
3385218788,25241.360363,inf
3087507629,35807.707186,32369.277838
3961341138,inf,inf
758685676,inf,33572.687156
2234005876,26106.031960,26092.611979
407667903,25809.109524,inf
1501154847,inf,34909.225945
1450782213,inf,inf
3486167743,27420.153757,inf
3432655661,34572.687156,inf
2924767116,25304.962065,25420.153757
3971127259,30594.459617,30594.459617
3960298965,32120.416750,inf
3268375420,inf,inf
1288989755,30594.459617,32120.416750
2044295640,inf,34807.707186
1967326209,34990.871210,33572.687156
2114191858,26079.315681,inf
1407589314,25792.945294,24757.384097
1402845498,31120.416750,inf
755086524,inf,33572.687156
1887830295,inf,32737.317858
2378109502,31841.863715,inf
3219119837,24901.048434,25056.282347
2667716948,32120.416750,inf
765759816,inf,33737.317858
3299870302,26221.596361,26079.315681
3374583393,26079.315681,26133.252328
3394526478,27252.646171,inf
331486599,25049.706112,inf
335008432,21071.435362,inf
3446924507,26125.639954,26125.639954
102549724,29252.646171,inf
3770201048,26420.153757,inf
3155284810,34624.689003,34183.816319
1325724758,28420.153757,inf
1970735872,inf,33572.687156
3776022880,inf,inf
3214412083,26633.145051,inf
2997033100,33685.416756,33685.416756
2117569903,26125.639954,inf
3407932828,28833.601510,28594.459617
2154333447,26135.735250,26079.315681
3212148151,26633.145051,27690.336671
2571317931,25361.408534,inf
3767065712,34484.300162,33120.416750
3369983363,26079.315681,26178.612150
2009911558,inf,33572.687156
3049288728,31426.352813,31350.715750
2585888303,inf,inf
2335336208,32572.687156,inf
3048390301,31388.038654,inf
3380856690,inf,1000.000000
2585780588,30594.459617,inf
688430973,inf,28665.024082
2127459303,35061.890674,34796.651997
2335308983,33807.707186,inf
3494217634,inf,inf
2781529296,27506.973313,inf
3295270432,30806.782677,27491.692693
40279111,inf,inf
3200903731,inf,33572.687156
3181170464,26079.315681,26133.252328
3877248554,34484.300162,33120.416750
1967327298,inf,33737.317858
2231490289,26079.315681,28990.363953
3997098418,30141.970424,inf
2202956208,26505.364112,26402.959295
3878398542,inf,inf
3045766928,32120.416750,32225.212940
1707793219,inf,34685.416756
254899644,24304.962065,24304.962065
3417420203,28711.309624,26079.315681
2003649673,25304.962065,inf
3181134455,26125.639954,26125.639954
2115126186,inf,26133.252328
1408667394,24757.384097,inf
956691791,32120.416750,inf
2166661125,inf,32369.277838
290051138,22241.360363,22241.360363
1931560182,inf,32737.317858
3373433413,26133.252328,26079.315681
3392298377,28252.646171,28322.280358
3413862534,26961.895499,26527.769277
1935932348,inf,29594.060807
1988892439,inf,34807.707186
697324256,28345.587732,inf
2009943132,inf,32369.277838
798928332,23275.366247,inf
1165258054,25440.779772,inf
3375877129,26173.501166,26133.252328
3337747937,26417.526299,26238.532774
689230869,33572.687156,inf
758686758,inf,32369.277838
3295234398,27276.909020,29574.614721
1963534418,24275.366247,24275.366247
3971055353,30594.459617,31120.416750
2505458199,inf,32737.317858
2004232421,34990.871210,34807.707186
1264736401,inf,inf
3043764977,34572.687156,34203.149205
795586124,31120.416750,inf
800374772,inf,32369.277838
1973175228,inf,32737.317858
2235048055,26079.315681,26133.252328
767159957,27133.252328,inf
765722477,28612.925081,inf
3371133445,26106.031960,26079.315681
2925054513,25304.962065,25420.153757
3426029437,9826.322864,10826.322864
3486969778,34572.687156,34222.744685
2237455801,31484.300162,26079.315681
1372583271,28816.810490,inf
1407553306,24719.999564,25239.011055
3263877848,21656.397862,22497.758668
3687534241,inf,33572.687156
1966176226,34990.871210,34896.384344
3412353086,28594.459617,26079.315681
364764169,19241.360363,20241.360363
2238749459,29597.554138,29597.554138
2012458722,inf,32369.277838
2432832581,30594.459617,inf
2044295640,inf,33572.687156
1704415182,inf,34807.707186
3882135953,31120.416750,inf
1343977521,26133.252328,inf
1628588070,inf,34685.416756
2233718286,26263.624496,26106.031960
2166630633,35807.707186,32737.317858
3182571975,inf,inf
2779370045,33572.687156,inf
3196339803,inf,33572.687156
1961171285,23700.201714,inf
3081891959,inf,32369.277838
1970732601,inf,34807.707186
1973149092,34990.871210,34807.707186
1285610592,32646.853175,inf
1419013980,33231.815675,inf
1160586306,25304.962065,25420.153757
762202051,inf,32369.277838
2127246945,34990.871210,34896.384344
1544890108,35909.225945,32369.277838
2005159156,inf,32369.277838
2133351919,inf,32369.277838
2079809023,inf,32369.277838
756419467,inf,32369.277838
2012490303,inf,32369.277838
1887940284,inf,32737.317858
2004015706,inf,32369.277838
2012493577,inf,32369.277838
762497173,inf,32369.277838
2233933939,26079.315681,26133.252328
2001641690,inf,32369.277838
3648326915,inf,32369.277838
3252541281,24559.001099,24666.110907
3080634164,inf,32369.277838
3085340822,inf,32369.277838
2007792362,inf,33572.687156
2236988092,24304.962065,inf
3009227342,inf,32369.277838
2089508711,32369.277838,inf
2089472775,32369.277838,33572.687156
2089436838,32369.277838,32848.983461
363788791,25361.408534,inf
1966032477,inf,33572.687156
2089400900,32369.277838,32589.283666
2570275765,26420.153757,inf
3043766066,inf,32369.277838
3372103775,26133.252328,26133.252328
102764257,31417.505152,inf
728301948,29784.315337,inf
1222079219,30594.459617,inf
728301948,29784.315337,30848.983461
1445430975,33484.300162,34120.416750
1931601565,inf,32737.317858
728301948,30369.277838,inf
2009942050,inf,35807.707186
541659089,29345.587732,30467.400561
2589446063,30594.459617,inf
2646022259,31369.277838,inf
3425540100,34572.687156,inf
3425504204,35807.707186,inf
620580351,30369.277838,30572.687156
1212009438,27234.312460,29203.149205
2156813174,26392.236249,26392.236249
328072616,26241.360363,inf
3883285838,inf,inf
1587619237,inf,34525.533536
1491283282,29214.905185,inf
3880878095,31646.853175,inf
3615717166,inf,33737.317858
2122385455,inf,31901.063226
2236269872,26173.501166,26173.501166
2133208102,33572.687156,33572.687156
2236233935,26392.236249,26173.501166
4208936612,35807.707186,36265.290380
2236197998,26278.727215,26173.501166
4208936544,35807.707186,36265.290380
1886746747,33572.687156,33600.054563
2132237844,33586.305967,inf
3197381875,inf,33572.687156
3431577524,33807.707186,33241.985042
3367611551,26381.127924,26780.714767
3430319726,33807.707186,34465.210789
2117533958,inf,28256.940671
1405397121,25040.359570,inf
1367124117,27235.915655,28622.272619
1966032477,inf,34807.707186
3406459477,26980.018421,26980.018421
1140286599,30594.459617,inf
453412308,inf,35807.707186
3406423540,27594.459617,26980.018421
762452303,28853.331892,inf
3171898613,26958.594844,26733.797371
3726321977,inf,27370.856863
3766499501,28390.575946,inf
2196796300,27921.786635,inf
3503882761,inf,32369.277838
2601889217,inf,27070.741591
2192318858,24491.039826,24491.039826
3525051511,28990.363953,24502.170268
755085435,37265.290380,33676.100818
2044228119,inf,32737.317858
4132448386,22690.403746,inf
3525015576,25554.895459,24502.170268
2044228119,inf,33737.317858
2168785732,35807.707186,33572.687156
2091593056,inf,33572.687156
2596381973,32120.416750,inf
3043764977,34572.687156,33909.225945
2617905137,33572.687156,inf
752638582,34807.707186,inf
3048688345,inf,33572.687156
1529667206,inf,30594.459617
3049396600,30594.459617,31164.442992
291201155,20241.360363,inf
2001601392,inf,33737.317858
799115886,34807.707186,34222.744685
2232676205,26938.718472,27459.251392
3422507608,12656.397862,inf
3727543796,25482.938116,27482.938116
3263840825,23041.152795,inf
1886498448,inf,33807.707186
1935860538,inf,31787.503615
3044509204,30594.459617,30594.459617
2172415377,inf,34807.707186
254791932,24304.962065,inf
2231490193,26079.315681,27008.126668
1440465268,33572.687156,inf
1285511291,26304.962065,inf
728301948,30220.588420,inf
43772627,32646.853175,35484.300162
1970772898,inf,32369.277838
1544890108,35909.225945,33572.687156
3042585591,inf,33572.687156
3329410551,inf,26079.315681
689230827,34807.707186,inf
3039162859,inf,33572.687156
4046774581,inf,31120.416750
3648362915,inf,34807.707186
102578038,26241.360363,inf
3086609205,33241.985042,inf
1160442464,25304.962065,25420.153757
3804871436,31705.379251,inf
2040782527,inf,32737.317858
801525846,inf,35807.707186
3159576148,inf,35807.707186
1186321830,32120.416750,inf
2005344285,33572.687156,33572.687156
693622749,29951.513126,31367.913587
2047996063,37265.290380,35566.414559
2010090150,inf,35807.707186
3155284810,34807.707186,34183.816319
1184165585,31120.416750,31120.416750
441983577,inf,33572.687156
1972104742,inf,33737.317858
406441951,inf,33572.687156
3077077483,inf,33572.687156
2042001121,inf,33572.687156
411365326,inf,33572.687156
3431290027,33241.985042,inf
3368474075,26381.127924,27335.263676
2781670044,33572.687156,inf
2337532722,33807.707186,33807.707186
3221527609,25529.436445,25667.762353
736692798,inf,inf
3041579350,34807.707186,33909.225945
2012457640,inf,35807.707186
1291505349,31646.853175,31646.853175
1887940284,inf,33737.317858
333930215,22486.472861,22497.758668
3445594811,28392.951490,29120.416750
3085340822,inf,33572.687156
1966176226,34990.871210,33572.687156
2007792362,inf,34807.707186
3009227342,inf,33572.687156
728301948,30220.588420,31220.588420
2011168260,inf,33572.687156
1221863564,31120.416750,31120.416750
728301948,31572.687156,inf
803967383,inf,inf
728301948,31572.687156,32572.687156
2009942050,inf,34807.707186
695958780,29467.400561,inf
694772726,29951.513126,29951.513126
2491633847,30467.400561,inf
1341605608,27906.097630,28512.379753
2974719512,inf,32120.416750
3800271465,30594.459617,inf
4013856351,31120.416750,30833.601510
3219263620,25039.481853,25107.890599
3975870943,30594.459617,30594.459617
764654484,inf,32737.317858
1968585094,34990.871210,34807.707186
760044563,inf,inf
4014790676,inf,30594.459617
3219299584,25039.481853,25335.039667
4004153330,inf,inf
1290035199,inf,30594.459617
2517052521,30594.459617,31120.416750
3040133161,inf,34909.225945
1254671009,28732.536623,inf
2047997152,inf,32369.277838
3155356721,33807.707186,inf
1185207857,30594.459617,inf
3087829181,36265.290380,34807.707186
3219227743,25039.481853,25073.280794
3975834974,30594.459617,31120.416750
1209677889,inf,26079.315681
1484746018,inf,inf
3043646717,30594.459617,31120.416750
1968585094,34990.871210,33572.687156
801553071,inf,33572.687156
4128710939,26172.421597,inf
1932820155,inf,32737.317858
1183950062,32120.416750,inf
3299798428,26113.592101,26079.315681
3994834383,inf,inf
1220677602,inf,inf
759969732,34807.707186,33807.707186
728122265,inf,31248.403640
3086160184,30594.459617,31120.416750
724179402,26079.315681,inf
3042209229,inf,inf
1334705745,inf,inf
3888029627,32120.416750,inf
3346500851,7678.071905,8678.071905
1968611230,inf,32737.317858
957877711,inf,inf
3219191711,24304.962065,25056.282347
2202887149,inf,30594.459617
292705441,25757.384097,25757.384097
3883178124,30594.459617,inf
3298792200,27337.282953,26979.402397
2791088666,31120.416750,inf
610960047,inf,35807.707186
1543919810,35376.118510,34200.338932
3044832634,32120.416750,32466.670268
3966300405,31120.416750,inf
993635028,inf,inf
2006460510,33572.687156,33807.707186
3087721372,inf,inf
1932817977,inf,33737.317858
3051912223,30594.459617,30594.459617
2507614419,inf,32737.317858
1215104277,inf,33737.317858
43943596,30594.459617,32120.416750
1925744922,inf,32737.317858
1919661873,25039.481853,25179.705275
4014754805,31120.416750,30594.459617
3994618765,31120.416750,inf
3337963588,26345.228222,26417.526299
796664327,inf,inf
3805949519,32120.416750,inf
2974863261,inf,inf
1223193192,32120.416750,inf
1446652736,32120.416750,inf
2518094694,30594.459617,32120.416750
1968585094,34990.871210,34896.384344
2704408595,inf,inf
759864874,32120.416750,inf
1263478674,27173.501166,inf
1483560101,32120.416750,inf
1451396478,inf,inf
2974539827,30594.459617,31120.416750
2934541977,22265.687303,inf
2124613549,inf,31901.063226
1446904392,inf,inf
1932927963,inf,33737.317858
3086339869,inf,inf
2202851212,32646.853175,30594.459617
1252332926,inf,inf
723137233,27133.252328,inf
3013926810,30594.459617,31120.416750
1249855451,30594.459617,inf
3768215700,inf,inf
1411290791,24757.384097,inf
1421385821,28133.252328,inf
3801205730,inf,inf
3156291046,33572.687156,33572.687156
1185315594,30594.459617,inf
2568508412,inf,32369.277838
3159576210,inf,34807.707186
2359289062,31120.416750,inf
1181686030,32290.916187,inf
2432976329,inf,inf
1961027540,28990.363953,28949.152288
1928894417,25472.525992,28949.152288
1262328552,28939.937413,inf
2117498061,29491.338616,inf
3407645366,28594.459617,29120.416750
3334297922,28594.459617,28594.459617
1366082041,28190.300943,inf
1366046040,28190.300943,29190.300943
1324602237,30282.859118,31864.290714
3009039319,32525.077300,inf
718285638,28588.489012,inf
3299942176,26676.509773,26079.315681
1928118943,inf,32737.317858
4073033198,inf,inf
719579366,27133.252328,inf
2007207501,inf,26420.153757
1919691273,25596.942194,26877.864608
2006273008,inf,27420.153757
1919690184,25596.942194,26099.680048
2044267323,inf,32737.317858
3219371390,25596.942194,25826.522317
2044267323,inf,33737.317858
1887834652,inf,32737.317858
1486716117,inf,34572.687156
1330641831,32120.416750,inf
3774729142,28921.786635,29128.961101
2378145412,30841.863715,inf
440921051,inf,inf
1254630720,30989.559312,inf
1987742518,inf,33572.687156
3524153087,25554.895459,24999.036101
2168749834,35807.707186,34566.414559
2207627566,23700.201714,inf
3524117256,25554.895459,25250.358706
1931675618,inf,32737.317858
3524117150,25554.895459,25394.606420
3486969817,34572.687156,33572.687156
3048687260,34572.687156,inf
3116041612,34572.687156,inf
1972067716,inf,32737.317858
1972067716,inf,33737.317858
3234289201,33572.687156,33807.707186
1528696907,32120.416750,inf
2006460510,33572.687156,33572.687156
1528589192,30594.459617,inf
2006459425,33572.687156,33685.416756
1208457120,inf,30594.459617
799114797,inf,34200.718378
2232532433,27175.634758,26079.315681
2001575256,34990.871210,33572.687156
2168749828,34990.871210,33572.687156
116977433,inf,33737.317858
1965053467,34990.871210,33572.687156
1987850266,inf,33572.687156
2491627313,31572.294319,31572.294319
2161816164,inf,33572.687156
1969663204,34990.871210,33572.687156
2042004381,inf,33572.687156
2195362087,26570.674994,26161.010021
1966239388,inf,33572.687156
3008369213,34572.687156,inf
2012456547,inf,33572.687156
1965092671,inf,33572.687156
3804377174,inf,inf
1964882493,inf,33572.687156
3485891705,34387.131503,34387.131503
3598554163,34990.871210,33572.687156
2003975412,inf,33572.687156
1252300260,30594.459617,inf
561849048,inf,33572.687156
610960047,inf,33572.687156
1544854171,34312.077613,33909.225945
2005344285,33572.687156,33807.707186
2005343200,33572.687156,33685.416756
3232887666,33572.687156,35018.432718
3276766837,inf,33572.687156
3276766837,34807.707186,33572.687156
3276766837,34387.131503,33572.687156
2012457640,inf,33572.687156
3231701869,inf,33572.687156
3431505650,33810.484270,inf
3196339699,inf,35807.707186
1961165843,24710.066679,inf
3042583414,inf,34572.687156
3220485478,25596.942194,inf
1972066627,34990.871210,34807.707186
3039099701,34572.687156,35265.290380
3759839427,inf,inf
3087489789,inf,30594.459617
2047785885,inf,32737.317858
2232784018,26320.964970,26683.744989
799116978,inf,inf
3086501391,inf,34465.210789
4050680491,34807.707186,inf
1160334778,25420.153757,25361.408534
3676932800,37265.290380,33572.687156
3159612085,inf,33572.687156
2010090150,inf,33572.687156
2568474652,inf,32916.188293
2047996063,37265.290380,33572.687156
441947639,inf,34572.687156
759907534,inf,33572.687156
1972103653,34990.871210,33572.687156
3235582907,33572.687156,33807.707186
3077049172,inf,34572.687156
2042001121,inf,34807.707186
2047925281,inf,34807.707186
1249789883,25304.962065,inf
2009907202,inf,33572.687156
3351352346,4000.000000,inf
3087641875,inf,32369.277838
3047168471,inf,30594.459617
2127273088,inf,33737.317858
3040281266,34572.687156,33909.225945
3087614650,inf,33572.687156
3047132534,inf,32120.416750
3040281266,34572.687156,34203.149205
2012212615,inf,33572.687156
2781669975,inf,34572.687156
2012212615,inf,34807.707186
2781669975,35807.707186,34572.687156
2012212615,inf,35807.707186
2781669975,35061.890674,34572.687156
2337529455,33807.707186,34199.504500
2009942050,inf,33572.687156
4089708068,inf,inf
1587655135,34807.707186,34289.624029
2045598081,inf,32737.317858
2045596992,inf,33737.317858
2040709567,inf,33572.687156
2005128668,33572.687156,33807.707186
2124942593,33572.687156,33572.687156
1161772128,25304.962065,25304.962065
3677903067,inf,33572.687156
1986808093,35807.707186,33572.687156
1180500137,31898.352550,inf
2047925281,inf,33572.687156
3612195339,inf,33737.317858
291380875,inf,19241.360363
1965054556,inf,32737.317858
1705565163,inf,33572.687156
2004010265,33572.687156,33807.707186
2233790191,26079.315681,26133.252328
1628659945,33572.687156,33807.707186
2158215930,inf,32737.317858
1002152129,31572.687156,inf
3648255074,37265.290380,33572.687156
2041859548,inf,32737.317858
2045449977,34990.871210,33462.660247
1969519455,inf,32737.317858
1323416316,32120.416750,27574.997238
794257857,inf,32737.317858
2167739239,inf,34807.707186
1887829206,inf,32369.277838
755085435,37265.290380,32737.317858
452378567,20071.435362,20486.472861
3087723252,inf,33241.985042
3040282355,inf,33572.687156
3083752311,32120.416750,30594.459617
2040737874,inf,32369.277838
2934398133,23275.366247,23275.366247
3262624411,inf,inf
1931568895,inf,32737.317858
2160479961,inf,32737.317858
3116149449,inf,32369.277838
3446816671,inf,26125.639954
335008359,21071.435362,22071.435362
252420024,25304.962065,inf
2160334926,26153.236392,inf
3677867192,inf,34807.707186
3087417915,inf,33120.416750
2051342559,inf,32737.317858
3472761419,35566.414559,inf
2648394072,inf,inf
3485855771,34387.131503,34387.131503
1440794964,25304.962065,24275.366247
2414802766,inf,29640.044590
728158199,30635.625919,31987.724655
760005737,33807.707186,inf
1043731178,inf,inf
745317678,inf,inf
1416426480,inf,inf
2974575763,30594.459617,30594.459617
1409961124,24757.384097,inf
1421170198,29594.459617,inf
1408918948,24757.384097,inf
1420128053,30749.405493,inf
1286477432,30594.459617,32120.416750
4072853513,31594.459617,inf
2971017942,31120.416750,30594.459617
452378636,20071.435362,21071.435362
3877392302,32120.416750,inf
2968718039,30594.459617,inf
726766769,inf,inf
3043538899,30594.459617,30594.459617
759972588,32484.300162,30594.459617
2516872809,30594.459617,inf
2748359477,29732.536623,inf
2568475744,33807.707186,32369.277838
3013962723,30594.459617,30594.459617
3083931995,31122.931597,30594.459617
44991218,inf,30594.459617
3043502962,30594.459617,31120.416750
726659055,30594.459617,inf
3043467024,30594.459617,30833.601510
2668795058,30594.459617,inf
2048004775,inf,32369.277838
801551982,inf,34807.707186
1207339806,inf,30594.459617
1182979689,30594.459617,31120.416750
3994510853,30594.459617,30594.459617
3086016368,30594.459617,31120.416750
3115965676,34807.707186,36265.290380
3085153880,30594.459617,30833.601510
3085117943,30594.459617,30709.081190
3085082006,30594.459617,30650.632372
3085046169,30622.272619,30594.459617
3085046104,30594.459617,30608.299095
3085046069,30594.459617,30601.362761
2985927869,inf,inf
957841680,inf,30594.459617
4013640660,30594.459617,30594.459617
3219155774,24673.878134,25056.282347
2518310256,inf,30594.459617
4049218290,30594.459617,30594.459617
3010333018,30594.459617,33484.300162
3298792159,27337.282953,27198.051655
3348764980,6000.000000,inf
3045874739,32120.416750,30594.459617
3043431025,30594.459617,30650.632372
2085982560,inf,32737.317858
1164215880,26440.779772,inf
3965150357,30594.459617,32120.416750
2012528418,inf,32369.277838
1331614308,inf,30594.459617
3051876190,inf,30594.459617
3043466960,30594.459617,30709.081190
1323524127,inf,30594.459617
3916491727,inf,inf
2517088465,30594.459617,30594.459617
452558321,20071.435362,inf
3878326567,inf,30594.459617
3086196120,30594.459617,30594.459617
725508974,32120.416750,inf
3043359186,30622.272619,30594.459617
3050762143,inf,30594.459617
2974791385,30594.459617,30594.459617
1223013507,30594.459617,inf
1445718470,30594.459617,inf
3081488278,inf,30594.459617
3049432537,30594.459617,32120.416750
3049324665,30594.459617,31350.715750
2168749828,34990.871210,34807.707186
1209638685,27133.252328,28392.236249
2972419551,30594.459617,inf
4043468370,30594.459617,30594.459617
3970839662,30594.459617,31120.416750
4010190713,inf,30594.459617
4047062102,inf,30594.459617
723101192,27133.252328,28214.905185
3768143725,inf,30594.459617
764798233,34990.871210,33807.707186
2047928541,inf,32369.277838
4129824987,25172.421597,inf
3523901568,26348.420198,inf
3040282355,inf,32369.277838
1260998985,29939.937413,inf
3368510009,26692.770280,26799.657514
2117462156,30491.338616,inf
3269759059,inf,33737.317858
1925927872,inf,32737.317858
762236683,30282.859118,inf
758894575,30866.938082,32231.815675
717171718,29588.489012,inf
1486716117,35807.707186,34572.687156
3774729074,29021.658215,29128.961101
2635238777,inf,28275.486147
1987742456,inf,34807.707186
3494181669,27331.718394,inf
873897516,inf,32737.317858
3483340143,34807.707186,34807.707186
1543991689,34312.077613,34096.635916
610960047,inf,34807.707186
756385708,34387.131503,34387.131503
1964882493,inf,34807.707186
694772825,29951.513126,29951.513126
2079916830,inf,32737.317858
3485855837,34387.131503,34387.131503
3484705753,34387.131503,34387.131503
2648358065,inf,27252.646171
3043662610,inf,33909.225945
3048685082,35807.707186,inf
800373684,inf,34807.707186
1972066627,34990.871210,33572.687156
3233211129,33685.416756,inf
2006458339,inf,33627.951175
2232496491,27175.634758,26525.750417
2001575256,34990.871210,34807.707186
290158983,21241.360363,inf
1965053467,34990.871210,34807.707186
1987850266,inf,34807.707186
1887830295,inf,33737.317858
755086524,inf,34807.707186
2127246945,34990.871210,34807.707186
3421357657,13656.397862,inf
1969663204,34990.871210,34807.707186
1966239388,inf,34807.707186
3008368124,inf,34807.707186
1886498455,35265.290380,34807.707186
2012456547,inf,34807.707186
1965092671,inf,34807.707186
3598554163,34990.871210,34807.707186
2003975412,inf,34807.707186
1967326209,34990.871210,34807.707186
1966176226,34990.871210,34807.707186
561813111,inf,34807.707186
2005342114,inf,33627.951175
3232025205,inf,34807.707186
3276766837,34807.707186,34061.890674
3276766701,inf,34200.718378
1989000250,inf,34807.707186
1886504989,inf,32369.277838
2012457640,inf,34807.707186
2910064870,inf,34807.707186
2910028994,35807.707186,34807.707186
3759659870,inf,33807.707186
3759659870,34807.707186,33807.707186
3759659870,34742.612157,33807.707186
2240797869,26133.252328,26153.236392
3264849239,inf,inf
440741494,34742.612157,33807.707186
799115886,inf,33807.707186
799115886,34742.612157,33807.707186
3081891959,inf,33572.687156
3196339761,inf,34807.707186
2132201932,34586.305967,inf
2647064406,30369.277838,inf
102576949,27252.646171,inf
2566177955,35807.707186,inf
3066570505,inf,34807.707186
3066534629,35807.707186,34807.707186
762173740,37265.290380,34807.707186
1184165651,31120.416750,31120.416750
2010090150,inf,34807.707186
2047996063,37265.290380,34807.707186
3005996278,inf,35807.707186
759907534,inf,34807.707186
3155284810,34807.707186,34462.296252
1972103653,34990.871210,34807.707186
3235547100,inf,33685.416756
3084866384,30597.907060,31122.931597
2043042202,inf,32737.317858
2759237275,35807.707186,36265.290380
2758374787,35807.707186,36018.432718
407735647,34807.707186,inf
2009907202,inf,34807.707186
2127246945,34990.871210,33572.687156
3040279090,inf,34376.118510
2166700329,35061.890674,34796.651997
2040709567,inf,35807.707186
2005123222,33685.416756,inf
2133208171,33572.687156,33572.687156
2079806841,inf,34807.707186
254899684,24304.962065,24304.962065
1887939195,inf,32369.277838
1707793258,inf,33685.416756
2233754251,26106.031960,26106.031960
1628624011,inf,33685.416756
3086052305,30594.459617,30594.459617
4043841340,inf,inf
2127458214,34923.184403,32737.317858
2703330512,32120.416750,inf
2120375359,inf,32737.317858
1014798697,11656.397862,inf
1969689340,inf,32737.317858
2541035829,inf,32737.317858
2043325341,inf,32737.317858
1928186461,inf,32737.317858
1182871951,30833.601510,inf
2127273088,inf,32737.317858
2168924067,inf,32737.317858
1932927963,inf,32737.317858
799115886,34807.707186,33807.707186
2001601392,inf,32737.317858
2001575256,34990.871210,34896.384344
1967327298,inf,32737.317858
2159300572,inf,32737.317858
2124940446,inf,32737.317858
2120342688,inf,32737.317858
763678737,inf,32737.317858
759800806,inf,32737.317858
1215104277,inf,32737.317858
2541035829,inf,33737.317858
2128643046,inf,32737.317858
1926857878,inf,32737.317858
1928074293,inf,32737.317858
1966213252,37265.290380,32737.317858
2040926275,inf,32737.317858
2166697062,36200.718378,32737.317858
2161918530,inf,32737.317858
3527387458,23275.366247,inf
2040775989,inf,32737.317858
3116113486,inf,33572.687156
3390034443,32627.951175,inf
2043363453,inf,32737.317858
2004233510,inf,32737.317858
2750515661,27353.560826,inf
2126161215,inf,32737.317858
1965091582,37265.290380,32737.317858
2158287808,inf,32737.317858
2040854401,inf,32737.317858
2045449977,34990.871210,32737.317858
1932931234,inf,32737.317858
2120411296,inf,32737.317858
2045452155,inf,32737.317858
1971023364,inf,32737.317858
3038982088,inf,33909.225945
2126160126,inf,33737.317858
3040133161,inf,33909.225945
2337494606,33807.707186,inf
1619746882,35807.707186,inf
4122841987,33807.707186,34807.707186
3250025690,25146.227492,25146.227492
1043443715,32807.707186,inf
734644390,32807.707186,inf
740358406,32807.707186,inf
745066153,32807.707186,inf
1214247333,31120.416750,31120.416750
1419013938,34231.815675,inf
3800055845,31120.416750,inf
1214383458,31749.405493,inf
2115162182,26133.252328,26133.252328
3770695253,31646.853175,inf
2040816286,inf,32737.317858
1482482018,32120.416750,inf
1262328619,27657.829818,inf
2515794725,32120.416750,inf
3082746073,31164.442992,32484.300162
2202854479,32120.416750,33484.300162
3448254245,inf,inf
2238677585,31290.916187,29597.554138
3887778095,31705.379251,inf
4013604696,inf,31120.416750
4047026133,31120.416750,32120.416750
1323309594,28677.790156,28133.252328
3010225266,32120.416750,32120.416750
764825451,inf,inf
2790908985,32772.493447,inf
3347758746,7000.000000,inf
3045838802,32120.416750,31646.853175
3043359122,30622.272619,30608.299095
3966084785,31120.416750,inf
3677974940,inf,32369.277838
1446796484,inf,30594.459617
##########
4175400650,1:2233459917990611080,33120.416750;
4205084612,1:2233459917990611080,33120.416750;
3267188411,2:17926906128194209995,15656.397862;
3264854684,2:17926906128194209995,15656.397862;
3264849239,2:17926906128194209995,15656.397862;
3267218903,2:17926906128194209995,15656.397862;
3262624411,1:17926906128194209995,15656.397862;
3268375420,3:17926906128194209995,15656.397862;
3268368886,3:17926906128194209995,15656.397862;
