961950673,51400.710563,51400.710563
1679601055,51400.710563,51400.710563
1680894722,inf,51400.710563
892286423,49400.710563,inf
886464594,49400.710563,49400.710563
2455015130,49046.642828,50400.710563
3013311024,53698.909392,inf
2119087071,52538.754339,52538.754339
2119088161,52538.754339,52538.754339
2119089250,52538.754339,52538.754339
2119115386,52538.754339,52538.754339
2119116475,52538.754339,52538.754339
2119117563,52538.754339,52538.754339
2119118652,52538.754339,52538.754339
2498705813,52619.616868,inf
1975538853,52619.616868,inf
3267151385,inf,50319.733140
290158983,51956.651855,inf
452378567,50734.770639,51734.770639
452378636,50734.770639,inf
3892171198,33325.357500,34147.533905
3892171262,33325.357500,34147.533905
3892207135,34147.533905,32804.898108
3927856672,inf,39714.633067
4277395840,52610.427092,51206.768867
4277431846,51206.768867,inf
165651157,45662.751902,47049.717613
165651231,45662.751902,inf
961985520,52400.710563,49360.646653
1680966659,inf,inf
893508340,inf,inf
1920932432,47360.646653,inf
886536566,inf,inf
2043190106,47360.646653,inf
3707094156,inf,inf
853020901,inf,51542.367775
745066153,inf,51542.367775
2003965020,inf,51542.367775
441956845,49879.402762,50956.651855
441956936,49879.402762,inf
481092230,50879.402762,50572.597122
481092299,50879.402762,50319.733140
2200352974,32551.733419,34147.533905
3929006656,inf,38224.015393
166657393,inf,44583.843137
1467001657,49217.304796,inf
1545488065,49269.298518,inf
2937715704,47765.847713,inf
852979192,49347.535500,inf
853128614,inf,50460.984627
745173866,inf,50460.984627
2450186397,inf,50460.984627
2370801564,inf,50460.984627
1547823905,inf,50460.984627
1468331261,inf,50460.984627
442999010,49798.019614,49798.019614
482170346,inf,49798.019614
3268342745,50879.402762,49798.019614
3892350878,inf,31551.733419
3929186341,inf,36887.079049
3124406517,47380.147973,47380.147973
1704989539,50896.899581,51601.929670
166657468,45168.805638,44168.805638
2608061796,inf,44168.805638
957922582,48269.298518,inf
956945749,48345.917031,inf
1476524964,48345.917031,inf
956771509,48345.917031,inf
1471996901,48345.917031,inf
1920896464,47345.917031,49400.710563
2043154138,47345.917031,49400.710563
954543411,48345.917031,inf
854129181,inf,inf
3267218903,inf,inf
3267188411,inf,inf
3268375420,inf,inf
3268368886,inf,inf
570881013,inf,35887.079049
3809228635,44677.817543,inf
166693433,inf,43021.590724
1469301559,47345.917031,inf
957949803,47345.917031,51542.367775
956947923,47345.917031,inf
956656075,47345.917031,inf
955692310,47345.917031,inf
1922154326,inf,inf
2045238551,inf,inf
954573903,47345.917031,inf
651957159,47345.647462,inf
654436714,47345.377944,47345.377944
2649588751,48345.377944,inf
1213702801,50218.823332,inf
2012456547,38754.277212,39725.393181
873677537,44057.287412,inf
570952887,34651.136580,inf
3809264532,43572.199102,inf
166801180,42572.199102,inf
166729268,42572.199102,43677.817543
97226998,45580.440663,inf
914038057,46345.377944,46345.377944
1431495873,45580.440663,inf
956981682,45580.440663,inf
954285318,45580.440663,inf
956658249,45580.440663,inf
955694484,45580.440663,inf
1436383335,45580.440663,inf
654185189,47345.377944,47345.917031
654400844,47345.377944,47345.377944
2679129001,47345.377944,inf
2563122621,49345.377944,inf
1213918349,inf,49128.936565
1849867133,45070.628577,inf
3061554932,43044.100971,inf
2750971767,inf,45257.291936
834694603,inf,48966.971171
3809408319,42572.199102,inf
184050792,45580.440663,inf
916666903,45083.190020,46345.377944
914036971,45083.190020,46345.377944
1393654243,45083.190020,46345.377944
655478921,46083.190020,47345.377944
655586766,46083.190020,47345.377944
2679344591,45083.190020,inf
223114311,45083.190020,inf
2978883281,47083.190020,inf
1215104277,49128.936565,49128.936565
1215104277,49128.936565,49128.936565
1854502977,44856.918331,44743.722838
1855653027,44743.722838,44828.877643
1851017049,44601.628780,45769.976549
1851017149,44601.628780,inf
873678625,41992.896440,inf
2751115551,45286.321256,45228.835230
3155095624,46123.798639,46215.300129
1038940441,46123.798639,46313.000379
3155096713,46123.798639,46530.814430
1038976378,46123.798639,47099.866094
1775154110,47964.309086,inf
1332366770,inf,47964.309086
3810342650,inf,inf
167987136,inf,inf
1469481312,45580.440663,inf
916665817,45083.190020,46345.377944
98628449,45083.190020,45083.190020
1393402654,45083.190020,46345.377944
656521158,45083.190020,inf
2680386889,45083.190020,45083.190020
917849560,45083.190020,45083.190020
2979997329,inf,46083.190020
1215140241,47932.436534,inf
837021802,43601.628780,inf
838212079,45211.459584,inf
1891338366,45156.324553,45163.461781
873682987,41992.896440,41992.896440
3178098658,41870.753645,inf
834721833,inf,46964.309086
2122784225,46964.309086,inf
1507574534,49360.646653,inf
213483101,44299.823308,45083.190020
914072908,44299.823308,45083.190020
656736685,44299.823308,45083.190020
2680638250,44299.823308,45083.190020
2680638325,44299.823308,45083.190020
224336073,44299.823308,45083.190020
2979997422,inf,44299.823308
1855473337,44807.113114,44743.722838
918932026,44299.823308,45083.190020
1215212116,47825.801873,48047.586520
1855796677,44698.947136,44789.932839
837023980,43596.587137,43606.688103
1891302426,45149.222461,45159.888753
1891374302,45149.222461,45163.461781
1892236789,45149.222461,45177.843044
3061806453,41553.726299,42627.370102
3061806493,41553.726299,inf
103284743,47732.451903,48028.428507
2081984217,41870.695378,42870.695378
2082271714,41870.695378,inf
213662812,inf,inf
99742522,inf,inf
2102339992,inf,inf
1512914455,inf,inf
252654457,inf,inf
145921567,inf,inf
1855581153,44785.672051,44828.877643
260991815,inf,inf
1244536708,inf,46825.801873
1856910785,44550.080166,44550.080166
1852059222,43468.463557,43596.587137
1852059259,43468.463557,43596.587137
1852059325,43596.587137,43468.463557
1852095159,43468.463557,43596.587137
1892380536,44554.635363,45734.184962
1892380636,44554.635363,inf
838099910,43550.080166,inf
798929669,45827.107777,inf
3722932123,44348.324922,43970.405206
3336796482,41404.525244,inf
873687343,40553.726299,inf
2083170071,40867.004365,inf
1935860538,inf,47345.917031
844067629,40866.838902,40867.500866
3725411844,43299.823308,inf
1244536708,inf,45670.959082
838251283,inf,43433.269308
1886558808,43465.882766,43763.074358
1886594751,43465.882766,44013.053256
838073775,43465.882766,44698.947136
799008077,44680.999035,inf
3721961825,44100.802372,44166.517497
1987958077,37834.785993,inf
3062848731,39432.368431,inf
3062992375,39491.674734,39491.674734
2336517669,24891.195937,inf
2414896330,24891.195937,inf
3732323455,23826.866002,inf
3226685479,29980.215389,inf
3126747868,49857.102988,46762.362119
844036047,40866.838902,40867.169846
3726453987,42115.263517,inf
1244536708,inf,44670.959082
1047493410,45291.773054,44019.568522
2664192053,35667.978685,35545.242939
837062095,44465.882766,44503.573718
1854431199,44465.882766,44542.275837
1854467005,44465.882766,44622.941332
259913767,45083.190020,inf
1854467104,44465.882766,44799.210688
837057731,43433.269308,43481.252365
1853173306,43433.269308,43530.886374
1853173371,43433.269308,43635.590965
1853209206,43433.269308,43870.987289
1853209305,43433.269308,44484.605159
838070507,43465.882766,43556.246251
1886522872,43465.882766,43652.650117
799010257,43680.999035,inf
1988892439,37829.139430,37840.454743
1988892439,37829.139430,37851.859506
1988892439,37829.139430,37874.943120
1988892439,37829.139430,37922.248834
1988892439,37829.139430,38021.784508
1988892439,37829.139430,38244.176929
1988892439,37829.139430,38829.139430
1988892439,37829.139430,inf
3062920535,39375.404132,39491.674734
3065112699,38373.121485,38373.121485
3196678004,23824.216943,inf
2378995269,23824.216943,inf
3196825019,23824.216943,inf
2195510191,23826.866002,23826.866002
3256081915,28980.215389,inf
103464394,49857.102988,45849.371300
2085577922,40215.049522,41451.801403
2085613853,40215.049522,inf
2011152389,41343.199770,inf
763678737,42115.263517,42115.263517
763678737,42115.263517,42115.263517
1244536708,inf,43535.450644
1047529483,44019.568522,inf
1048643463,43955.340591,43955.340591
1857988896,43355.136881,inf
1886486874,43355.136881,43510.357132
599762588,inf,42668.944791
3802604524,39339.737906,inf
3231737678,39840.362466,39902.197277
3232959536,38840.362466,38902.197277
3231701804,38858.573135,39391.805153
3231701869,38858.573135,39870.948612
1989000250,37817.749801,37840.619693
1989000250,37817.749801,37863.857970
1989000250,37817.749801,37911.488533
1989000250,37817.749801,38011.743775
1989000250,37817.749801,38235.936688
1989000250,37817.749801,38827.218666
1989000250,37817.749801,inf
3339383842,39401.158657,39401.295529
3065328282,38342.576753,38404.326924
3196680178,22766.267894,inf
3197827984,22766.267894,51542.367775
2195538505,47345.917031,22768.658692
3256081979,27902.800232,inf
103500297,49857.102988,44883.725498
2872151331,40640.992854,40640.992854
2086763769,40215.049522,40215.049522
2086763838,40215.049522,40215.049522
2012338244,40343.199770,inf
841947346,40240.488176,40240.488176
3726741451,40642.692939,42115.263517
3755023899,40642.692939,42115.263517
1244536708,inf,42535.450644
1244572645,43177.602260,42561.200607
1889002462,43318.016342,43436.662586
1889002533,43318.016342,43436.662586
599762650,inf,41668.944791
3803574789,38210.117145,inf
714832863,40245.067431,inf
714760984,40245.067431,41350.695033
883452406,40342.574660,40455.669064
3202161523,39040.950866,39040.950866
3231989268,38840.362466,38877.016613
3231989307,38840.362466,38914.626354
805187065,inf,42653.822126
763537167,inf,42819.588194
2044295640,39655.418534,39655.418534
2333930240,21766.267894,inf
873758124,38342.576753,38373.121485
2412380740,21716.231816,inf
3194346451,21716.231816,21766.267894
2371951615,21716.231816,inf
2450330212,21716.231816,inf
3166064032,21716.231816,inf
3256082043,26838.037655,inf
103536272,49857.102988,43901.214320
1909884230,inf,39179.649200
844141684,39181.677869,inf
841915764,40183.772873,40240.488176
764543407,39642.692939,inf
3756281659,39365.258750,39365.258750
3052374440,inf,46964.309086
761268784,inf,44823.275204
1244572645,42836.728580,42130.696774
1244572645,43177.602260,42130.696774
1244572645,inf,42130.696774
2928141935,35796.420755,35796.420755
1038904504,46123.798639,46168.824082
2625236254,35330.358445,inf
2918726473,inf,44823.275204
1890116509,43359.203180,43208.008720
1890116547,43445.281564,43208.008720
1890152446,43634.569909,43208.008720
1890152512,44109.307377,43208.008720
1890188453,46289.349071,43208.008720
838142383,43436.662586,43208.008720
599834458,40509.556362,inf
3732071921,24894.378400,inf
766015731,38210.117145,38210.117145
766020087,38210.117145,38210.117145
714832929,39245.067431,inf
2374467206,23824.216943,inf
714904831,39245.067431,inf
755274928,40245.067431,inf
3232025205,38840.362466,38992.921486
3231773649,38823.275204,inf
801441094,inf,41653.350202
3066298620,37127.076929,inf
3063998619,38375.404132,inf
883453492,40342.574660,40455.669064
3134095218,33415.661789,inf
3269759059,39140.221026,39157.521917
2051342559,39140.221026,39175.032802
3126776182,inf,42825.735196
2042000028,43823.275204,43823.275204
2088093473,38181.677869,inf
2014638219,39183.772873,inf
3755203546,38446.806044,39986.493834
3756066035,38446.806044,39365.258750
761268784,inf,43823.275204
2928285617,35733.070022,35796.420755
3155097802,46123.798639,52025.464591
2653698325,35296.510912,35365.019204
2161957735,35578.019326,35622.536558
110651759,46123.798639,46129.350569
1041312317,45439.211386,inf
2658262350,35281.090480,35281.090480
1048679400,44231.427102,42127.946563
2693768109,35281.090480,35430.228038
599870397,41094.518863,40094.518863
599906402,40094.518863,inf
3804832543,38169.175184,38251.988365
3804832581,38169.175184,38339.562870
438405456,38017.020639,38339.289522
802559306,39810.318818,inf
3195598805,22766.267894,inf
637676124,35594.357137,inf
637604245,35594.357137,36692.894044
3232887666,38870.948612,38823.275204
801476967,42238.312703,41238.312703
801512972,41238.312703,inf
3272274579,inf,41238.312703
3341432290,38069.109472,38069.109472
3067484565,37072.648798,37072.648798
955543113,48345.917031,51542.367775
1394860518,21694.986976,21724.417117
3202341181,39036.021083,39045.897552
1243026693,21694.986976,inf
1201627275,21686.068249,inf
915441781,45083.190020,45083.190020
1202561568,21694.986976,21741.805252
2012456547,38754.277212,39725.393181
2051343652,inf,38140.221026
104434730,41825.735196,inf
2042001121,inf,42823.275204
759907534,inf,42823.275204
2089171548,38177.623378,38185.743787
2044178459,38178.635933,inf
764616370,37446.806044,inf
764654484,37429.729199,37429.729199
764654484,37429.729199,37429.729199
761268784,inf,42823.275204
3275652725,inf,41049.996913
1039048215,52610.427092,51206.768867
2653734386,35376.994325,35353.142664
110651798,46123.798639,46134.923948
2625200280,35331.884988,35874.962816
3155094535,46123.798639,46146.135716
2625200381,35331.884988,36421.843810
2658226416,35241.472128,35281.090480
2042030521,39433.878727,inf
527349602,42194.529111,inf
608732020,41739.728586,41739.728586
2779226328,39823.275204,39823.275204
2166630633,39823.275204,39823.275204
600804758,40085.420723,40103.674743
600804796,40085.420723,40122.162690
438369516,38011.602789,38339.289522
802561485,40770.085604,39239.020646
635340251,36108.326847,37200.357426
636382422,36108.326847,inf
637676190,34594.357137,inf
637748092,34594.357137,inf
1730017178,inf,inf
3042169968,inf,38238.312703
764863566,37276.237366,37309.484748
3765697216,37276.237366,37343.516437
764865750,37414.087148,37276.237366
3384377004,inf,inf
3161315996,21654.630636,21694.986976
3230839252,38823.275204,38981.096704
3160027709,21654.630636,21718.206205
144879366,44299.823308,45083.190020
877279954,38645.590584,38705.987408
3414828676,41404.677751,inf
104470595,41389.857162,42453.304268
104470595,41389.857162,inf
2042001121,inf,41706.711972
759907534,inf,41706.711972
3040138609,44484.364396,44550.013330
844216825,38177.623378,38177.623378
842853397,38178.635933,38178.635933
3758725372,37421.780442,37429.729199
761268784,inf,41706.711972
3276766701,inf,40049.996913
1394696345,44299.823308,45083.190020
2047925281,inf,41706.711972
2928393424,35730.907144,35735.236147
2928393463,35730.907144,35739.578178
2928429361,35730.907144,35748.301643
2041850834,35730.907144,35765.908428
1039084221,51206.768867,inf
2042072993,39127.556880,39823.275204
2963935217,38660.174964,inf
561813111,42140.457524,42194.529111
561849048,42140.457524,42194.529111
3197381875,42823.275204,41127.958843
2779370006,38670.657720,inf
600912569,inf,39085.420723
794225191,38009.951050,38011.602789
3195600979,21716.231816,inf
802596332,38651.563472,39823.275204
3200903731,inf,41706.711972
800189644,35077.980813,inf
3269866800,42238.312703,37182.926311
3452793692,34511.261582,inf
3233211129,37706.711972,inf
1704415182,inf,40065.248342
3042205902,38823.275204,37654.962012
3043212143,37654.962012,inf
764869015,36154.969554,inf
882196789,38066.006082,38066.006082
873897516,37070.012011,37070.012011
873897516,37070.012011,37070.012011
3068886045,37070.654304,37070.654304
3070179910,37066.666082,37066.195772
3231701742,38858.573135,39114.999708
1245254757,inf,inf
1202741286,inf,inf
2012457640,38708.473522,38801.582927
3257519358,26573.387273,26585.075568
2012457640,38708.473522,38901.118600
3257519422,26573.387273,26596.859331
2012457640,38708.473522,39123.511022
3257555295,26573.387273,26620.719594
2012457640,38708.473522,39708.473522
3450370334,inf,40544.186570
3414828809,40404.677751,inf
104470595,40389.857162,inf
2873157566,40389.857162,40453.304268
1546291681,40389.857162,inf
102170626,47602.661828,40389.857162
833504330,41280.865726,inf
3761133151,37285.221180,37318.919206
3761133189,37285.221180,37353.423204
3761133289,37425.010090,37285.221180
2042001121,inf,40706.711972
759907534,inf,40706.711972
842882796,37178.635933,inf
2048778363,37177.623378,37177.623378
2977589618,50345.377944,inf
3759659734,37301.971807,37398.954317
761268784,inf,40706.711972
3276766701,inf,39049.996913
2956675842,35686.794166,35730.907144
2662035709,35317.408830,35264.282959
3685162338,36786.659795,36817.893954
3685162408,36786.659795,36786.659795
2963899215,38660.174964,39823.275204
1863292652,37706.711972,inf
2652993971,49371.689354,inf
3197381875,42823.275204,40369.900420
2779370045,37670.657720,inf
799113708,inf,38009.214499
794257857,38009.951050,38009.951050
794257857,38009.951050,38009.951050
3200903731,inf,40706.711972
800223402,36145.256509,34471.272626
638790168,34436.836188,34436.836188
3482333910,34436.836188,34436.836188
3234289201,37706.711972,37706.711972
4219609875,37671.265747,inf
3342833835,37066.000865,inf
3068850105,37066.183503,37070.654304
3070179910,37066.098641,37066.147206
3070179910,37066.098641,37066.195772
3071042271,37066.001517,37066.390053
743880204,52619.616868,inf
3071221987,37066.778694,37066.001517
2012457640,38708.473522,inf
879615855,26527.558641,26620.719594
357229918,28367.276429,inf
387021650,28363.379804,28363.379804
388387289,28348.081161,28395.580786
3688156913,inf,33306.889020
388351321,28348.081161,28395.580786
756244138,34471.272626,34511.261582
3269974609,33831.969378,45857.654537
610960047,inf,40706.711972
3181584480,38482.593571,38603.485290
3414900515,43321.726034,39492.782896
877240750,40822.247263,40845.777721
3413678657,inf,40337.085748
3080390225,inf,inf
2873265373,inf,inf
1547477604,inf,inf
103212837,47732.451903,48028.428507
3078156689,39471.535782,39507.403909
2794922721,39471.535782,39544.186570
764753584,36237.413540,inf
2042001121,inf,39658.837123
759907534,inf,39658.837123
3040138609,44573.668615,44550.013330
3040168010,44484.364396,44484.364396
1446394802,35221.928079,35185.330976
1970732601,41739.728586,41739.728586
1541583972,41389.857162,47209.298776
1447652604,35212.006533,35231.918329
3040138609,44573.668615,44806.242628
1444993330,35185.330976,35249.528766
844246224,37068.243455,inf
842925267,37068.243455,37121.897066
2047736188,37068.243455,37177.623378
3759659734,37301.971807,37354.357764
761268784,inf,39658.837123
3276766701,inf,37969.305279
2040775989,35698.880366,35698.880366
2956783653,35686.794166,35686.794166
2625056599,35622.536558,35213.044116
1045157606,inf,inf
2662898255,35317.408830,35213.044116
2663149756,35429.916164,35213.044116
2663149819,35667.978685,35213.044116
3684982648,36802.192350,36786.659795
2043042202,38645.254471,38675.251381
562891223,inf,41106.147104
2007532092,37684.482816,37677.148564
1824300975,37677.148564,37691.854543
2007540803,37706.711972,37677.148564
2007566938,37677.148564,37736.893883
1827679058,37658.837123,inf
2007792362,37874.595767,37757.813890
2008720191,37677.148564,38706.711972
3197381875,42823.275204,39508.011028
2126161215,33635.378641,33665.758506
2126165572,33613.751563,33613.827924
799114797,inf,37009.214499
799115886,37667.693479,37082.730978
3264812213,inf,50319.733140
440741358,38066.000865,37955.997621
1484416218,38645.254471,38657.900183
2127419010,38645.254471,38670.657720
3200903731,inf,39658.837123
800258249,34506.551187,34436.836188
2007792362,37874.595767,37649.781345
4115168907,inf,46213.057114
3198783450,38677.148564,38677.148564
3235582907,37658.837123,37706.711972
3808150554,45677.817543,inf
2044512352,36645.254471,inf
765759816,36126.473322,36126.473322
765759816,36126.473322,36126.473322
3344019780,37066.000865,37066.000865
3099648123,37066.000865,37066.000865
3070179774,37066.001517,37066.365512
3070179774,37066.001517,37066.729598
3070179774,37066.001517,37067.458048
3070179774,37066.001517,37068.916050
3070179774,37066.001517,37066.430908
3070179910,37066.001517,37066.195772
2338644587,47387.549666,47392.572892
3185106342,37066.000865,inf
879645262,25480.008190,inf
358739234,28363.379804,28371.183607
386985753,28363.379804,28379.029851
1833836358,28363.379804,28363.379804
1833837447,28363.379804,28363.379804
1833838536,28363.379804,28363.379804
1833839625,28363.379804,28363.379804
756275719,34506.551187,34436.836188
3270873039,inf,32831.969378
3450442283,inf,39395.771278
1200441350,22731.352626,inf
1480750574,inf,38395.771278
3195710972,22766.267894,inf
3414936488,39514.347608,39395.771278
372537450,43281.986708,43284.335746
3415798946,39558.468825,39395.771278
3195713146,21716.231816,inf
3182590714,38066.004777,39066.004777
3415834883,39607.590975,39395.771278
4159857022,47388.803833,47388.803833
3183704758,38066.004777,inf
3415870820,39855.952541,39395.771278
4159857190,47388.803833,47388.803833
3415906757,40381.556936,39395.771278
3415942694,43321.726034,39395.771278
877242928,39822.247263,inf
3413750565,39233.174495,inf
3449004802,39246.975828,inf
2795138335,38395.771278,inf
3762103450,36237.413540,36237.413540
3762103521,36237.413540,36237.413540
3762139387,36237.413540,36237.413540
3762139486,36237.413540,36237.413540
2042001121,inf,38658.837123
759907534,inf,38658.837123
3040138609,44500.498698,44565.740346
1445208889,35203.513485,35238.318744
1446430747,35212.006533,35159.139711
143729449,45083.190020,inf
1541619845,40389.857162,inf
1448515124,35212.006533,35159.139711
1541404223,47209.298776,42439.430046
1970732601,41739.728586,41739.728586
844289784,inf,inf
2961347784,43823.275204,43823.275204
2049964322,inf,inf
2047996063,37513.741054,37371.090820
1543919810,45237.471932,45525.614259
610960047,inf,38658.837123
3759659734,37301.971807,37269.098774
761268784,inf,38658.837123
3276766701,inf,36969.305279
3276766837,37658.837123,37061.794854
2047925281,inf,38658.837123
2041859548,35674.808376,35698.880366
2041859548,35674.808376,35723.360833
1044870178,40389.857162,inf
2964869478,38645.254471,38645.254471
797961548,40684.405818,41704.611359
562927232,40684.405818,inf
1821965074,37680.811029,37677.148564
2007606145,38023.020039,38023.020039
1826493196,38023.020039,38023.020039
1827643114,37658.837123,38706.711972
1861998887,37819.263590,37874.595767
1862034825,37874.595767,37819.263590
1862034893,37819.263590,37874.595767
2008718011,37898.286743,38159.567040
2008755039,37677.148564,37677.148564
3197381875,42823.275204,38582.363196
1970735872,42823.275204,38582.363196
1986520689,38754.277212,39725.393181
1540218299,44771.212862,44823.022785
1540254236,44721.199210,44721.199210
2126164484,33642.394028,33615.094506
3040135339,44554.258082,44708.536751
2126165572,33613.751563,33613.904289
3040138609,44685.274088,44732.180667
2126165572,33613.598852,33613.904289
799115886,37457.510035,36667.693479
799115886,37667.693479,36667.693479
799115886,inf,36667.693479
364764169,49879.402762,50956.651855
440741358,38066.000865,37853.790983
1485386447,37645.254471,inf
3200903731,inf,38658.837123
2007792362,37874.595767,37455.322431
2656623608,inf,inf
3235295410,37677.148564,37677.148564
882059575,41402.103760,41406.950799
4217525491,37643.003076,37641.878695
3135209225,inf,32332.573058
3045583980,36645.254471,36645.254471
3045799635,36645.254471,36645.254471
765760909,35025.357146,inf
442142901,37778.268820,38066.000865
442142939,37778.268820,38066.000865
442143039,38066.000865,37778.268820
3100834044,36778.268820,37066.000865
874828611,36778.268820,37066.000865
2338651121,48294.440261,47213.057114
877457457,36778.268820,36778.268820
391693459,28618.277120,28618.277120
388315381,28317.125166,28362.947879
388315447,28317.125166,28410.273885
2161918530,31570.674272,31618.154365
2161922887,31575.527300,31584.378842
3450478153,inf,38366.991065
4160791384,47387.549666,47390.059092
3415978628,38366.991065,inf
3180147029,38760.893797,inf
2966785748,42404.677751,38311.682499
1548794271,45580.440663,inf
3449220351,41544.186570,38366.991065
2796000828,inf,37366.991065
3052338544,inf,47964.309086
3646062946,inf,45857.654537
2090762179,27223.923753,27224.435655
2536256243,27218.887717,27210.566876
2536292140,27227.256827,27210.566876
3479644770,27846.674470,27165.987402
1366866222,31218.184155,31628.792873
2122673148,36589.429940,36589.429940
2281376353,32226.728631,inf
2564100543,51362.729419,inf
2127458252,32641.618656,inf
2087062850,26031.179610,26031.166678
3103441897,inf,19412.939885
2194209925,31179.889128,inf
1400646351,22766.267894,inf
3429692412,24031.130102,24031.095617
2161816164,32618.154365,32654.825484
4153987243,51362.729419,inf
3196303760,inf,37775.170564
4285697287,52610.427092,51206.768867
2161922887,31523.529071,31523.529071
3198495949,38087.132441,38139.269374
2734233139,36436.510910,36832.187856
339527955,24649.683676,24649.683676
3046098707,50588.169929,51022.626553
339528045,24649.683676,24649.683676
2281376353,31226.507425,inf
2040709567,inf,42823.275204
3079939759,36640.755190,36640.755190
2087063940,26031.183921,26031.175299
2871037288,40618.512905,40469.717119
3759659734,37301.971807,37112.353479
3034694377,19412.164911,19419.836012
1044834138,43969.295581,inf
2660706039,35261.024362,35213.044116
3356057393,23897.003856,20889.513960
3196339699,38045.302946,37547.729456
4285733293,51206.768867,inf
2292265268,7856.480631,8732.335388
3080670097,20761.225209,inf
2090764363,26223.923753,inf
3082829588,12971.268506,inf
3893500893,inf,29119.334840
1364566293,31217.323437,31218.074201
2281376422,30226.295631,inf
2127458252,31226.295631,inf
1901421848,30500.494550,30530.160436
2087065029,26031.183921,26031.166678
3414684898,42472.033304,37348.318287
877275598,38760.893797,38760.893797
3414720896,42472.033304,36366.204849
2879015296,18978.138619,19319.052556
2292265305,7856.480631,11332.600859
2161920708,37465.641997,30501.058917
2656551705,inf,47213.057114
3198675607,37640.755190,38736.893883
2292301201,11332.600859,11332.600859
2624014362,35436.098530,35213.044116
2877829411,19761.225209,21762.121802
2877865375,19761.225209,inf
116977433,32449.623775,32449.949033
3759839427,37589.429940,inf
2090766541,26446.204177,26031.362678
1205688784,26031.304627,26031.304627
291380875,inf,49798.019614
1705565163,inf,39065.248342
2086956128,28032.441477,28032.441477
2090802477,26031.304627,26031.264421
1962471446,24960.591054,inf
1798327338,25748.124213,25750.432985
2923506062,31635.719147,inf
3028349210,43895.478949,inf
2085982560,32449.623775,32450.274365
482340828,3971.196761,inf
2088325002,29447.981236,inf
1820131661,11971.238101,inf
2770996719,34650.221005,34856.055838
374889889,24360.923745,24317.458508
1040126396,46022.451431,46479.156544
2655854571,35405.707572,35213.044116
3321809467,24747.984874,24747.984874
3085340822,19410.050313,19411.107224
2007792362,37874.595767,37130.858791
1987958077,37834.785993,38611.583116
153812795,26031.166678,26031.201164
764798233,36126.473322,36008.441072
3122000916,23049.892600,inf
3322959416,24747.741271,24747.741271
3032070979,18408.722865,inf
2008645049,36589.429940,36589.429940
1738103036,39243.426291,39336.741658
2008793148,inf,inf
3034406884,18488.345156,18571.755346
1042498301,45174.027449,inf
1793584744,23746.748349,23747.033546
3122040120,23049.435699,23049.512965
3080634164,19760.618837,19760.921991
3080634164,19760.618837,19761.225209
3071278284,19420.484572,19424.829237
2320547755,11332.553541,11332.600859
2879015296,18978.138619,19139.096080
3086638910,19412.164911,19412.164911
2087061763,inf,26031.241045
2047790245,36589.429940,36589.429940
1205688850,26031.304627,26031.304627
3262624411,inf,inf
150075409,28032.441477,28032.441477
1932931234,20806.562079,20816.521932
2090803566,26031.304627,26031.166678
2700847732,31593.285027,37867.745368
1962433331,24959.157050,inf
2731789455,35358.374317,36945.506151
1962471446,23958.246520,inf
1737009314,51022.626553,51022.626553
2734161328,36436.510910,36832.187856
339491949,23959.157050,24649.683676
3893572738,inf,28119.334840
2123758878,37589.429940,30226.058447
1366866290,31218.184155,32204.938390
2985891933,inf,19761.449305
2948086248,13971.279637,inf
3155132650,46022.451431,47151.248214
2655890512,35213.044116,35213.044116
3085340822,19410.050313,19412.164911
2007792362,37874.595767,36640.755190
1040162303,46022.451431,inf
1738102997,39243.426291,39289.329636
2281376353,32226.728631,33226.728631
764798233,36126.473322,35641.366612
764798233,36126.473322,34716.440313
3034406884,18433.617826,18543.551324
4243111977,23049.462806,23049.512965
1042570050,44758.989950,45758.989950
3354799601,23746.410858,23746.748349
1863148871,37640.755190,38023.020039
2876751265,18760.322135,inf
2879015296,18880.321538,19083.073371
2879015296,18880.321538,19319.052556
2879087269,18319.052556,inf
2907729025,18043.240409,19761.225209
3670254657,24448.677438,24448.677438
3661824335,18030.760363,18445.993965
2159263545,26800.404028,27785.829211
3661824374,18030.760363,19030.956466
1826385319,24260.758095,23240.967775
1826385358,37120.709597,23240.967775
2080020289,36589.429940,37640.755190
1287553365,32033.826914,inf
2985927869,inf,inf
3037282536,39653.586145,39653.586145
2656968619,35442.738982,35369.602952
1738138937,39243.426291,39436.512753
194996629,31450.512998,inf
3510370876,25748.570073,25749.334372
2447850559,24824.216940,inf
2040854401,31635.719145,31635.719148
271183102,29225.999295,inf
3064054906,17907.333274,18473.008017
2008790974,36589.429940,inf
3352463693,23746.890941,23746.819643
539740515,48352.179571,inf
2876966888,18462.158349,19136.004333
2876966950,18462.158349,20439.476388
3073578216,19429.062492,inf
3080706035,18544.036816,19319.052556
2907693019,18042.804549,18660.326386
1826421329,38023.020039,38023.020039
1962396309,23957.336564,25962.026485
3390485176,24065.867784,21751.596894
1934229323,24257.167286,24638.854061
2700847665,31593.285027,32574.767473
335754496,23957.336564,25962.026485
2161922887,31523.529071,31523.529071
3319437658,24747.984804,24747.450970
4217489616,37642.440776,37640.755190
2772038899,34871.953949,34700.762130
3006556433,37701.939541,inf
374925891,24456.284045,23959.157050
2657004591,35442.738982,35213.044116
3122003093,23049.892600,23049.892600
3032286602,18184.212440,18672.830452
833577295,39243.426291,39659.493897
195068464,30449.213037,inf
2090659815,28224.443878,inf
291201155,50879.402762,inf
2086953950,28032.441477,28033.526089
764689331,36589.429940,inf
570538585,inf,inf
3034442856,17905.846623,18660.285465
4244154148,23049.538531,23049.636914
1043684096,44706.810553,44800.969217
2659340459,35394.825943,35224.890411
3355985520,23610.062075,23897.003856
2878152807,18042.375469,19056.658695
3086638910,19412.164911,19412.164911
2879051268,18042.375469,19319.052556
3622760889,23838.676434,22819.599178
2664407648,35545.242939,35667.978685
3696251986,inf,24957.980966
2699985281,31593.285027,32002.376242
335718562,23955.626076,24638.854061
2366798643,16030.632408,inf
1329994896,36589.429940,36589.429940
2044296729,inf,38538.988661
1963661725,23955.626076,23955.626076
374961765,24667.512416,24272.069066
3032286664,18184.212440,19413.583897
1860812965,37645.254471,37645.254471
833578384,39243.426291,40246.518821
4290836970,27031.449505,27031.449505
2086957217,28032.441477,28032.441477
2047790245,36589.429940,36589.429940
3080454477,40506.431122,40389.857162
2159544506,25372.580200,25374.990722
2047790245,36589.429940,36589.429940
1048607526,43955.340591,43955.340591
2699985177,31593.285027,31783.378696
2164260973,36081.728430,inf
2654776465,35353.142664,35401.246957
759940197,inf,inf
3037426284,39238.312703,38069.999511
3037462218,38654.962012,37654.962012
3034838921,36701.939541,inf
374961804,24667.512416,23962.026485
1041312255,45439.211386,46607.413931
1793511781,23746.873116,inf
3032322574,19412.164911,19415.004281
803784433,46395.343276,42610.610198
755154238,46395.343276,41653.350202
2870749821,40389.857162,40542.197561
2047790245,36589.429940,36589.429940
3034370946,17905.846623,18529.447534
1042498238,45174.027449,46246.566308
2658334197,35241.472128,35213.044116
3066534629,17987.689297,19412.939885
2908950818,17849.668396,18264.705895
2908986784,inf,17849.668396
2910028994,18078.770113,19761.449305
2287557558,14030.605866,inf
2733155032,36280.706217,36761.275988
3399002141,24031.350550,24331.374908
2536220302,27210.566876,27212.642592
2911214846,17322.564542,17322.726521
2288455944,12615.566363,13615.566630
1835268397,inf,25449.616315
2664407582,35545.242939,35667.978685
3698659763,23954.340238,23954.555308
3321737594,24747.450970,24748.518836
3352427756,23746.890941,23746.855292
2086961575,27031.241045,inf
2870785758,inf,inf
2047790245,36589.429940,36589.429940
3081644754,17322.726521,18687.767061
2910064870,17322.726521,19761.449305
2287557621,13030.604129,inf
2733190966,36761.275988,36280.706217
3399864630,24031.350550,24710.125466
312200849,24031.304627,24031.304627
2506644154,27514.929106,27531.606480
2504236334,27983.718967,28044.553542
2536220264,27210.566876,27211.604361
2536256203,27214.721298,27210.566876
2911214885,17322.564542,17322.726521
2288563755,12615.566363,inf
3040133161,44957.188312,44957.188312
1980555121,inf,inf
434350717,inf,24448.869520
1048607495,inf,42826.129292
3697509779,23954.921771,inf
3698659763,23954.305552,23954.305552
3698659763,23954.305552,23954.374924
1040126334,46022.451431,46232.806905
3321773533,24747.450970,24748.549855
3038468459,37654.962012,inf
2006493184,24690.488599,24691.758436
1790915541,23690.488599,inf
2658442042,35213.044116,35241.472128
3034406884,18488.345156,18660.285465
4243076038,23049.435699,23049.563126
2087097695,26031.166678,26031.235651
764789517,36223.596540,36251.364150
2089323614,28031.479296,28031.479296
3081681777,17322.564542,17322.726521
1891458844,11615.566363,inf
2911250818,17322.564542,17322.726521
3081682866,17322.564542,17322.726521
2289713744,10615.542143,inf
2911286755,17322.564542,17322.726521
3081683955,17322.564542,17322.726521
1891526368,10615.532521,10615.532521
2911322692,17322.564542,17322.726521
339563892,24649.683676,24649.683676
3033185089,19412.164911,19415.267309
1860992721,37658.837123,37640.755190
3199681909,37640.755190,inf
1933003110,18344.273198,20223.601571
3659524369,18030.671061,18997.389892
2286299826,15030.615614,inf
2043327520,36589.429940,inf
2507614419,29006.963418,29018.416722
1892461814,11615.602121,inf
3660782169,19223.601544,inf
4244297863,22049.382761,inf
1044834138,43969.295581,44974.096817
3356021588,23897.003856,21720.419252
4216195854,36589.429940,inf
1769044753,inf,36231.481331
1892470525,10971.750249,inf
2324177358,10615.602121,inf
2127246945,33613.904289,33614.328044
3085377846,19412.164911,19415.267309
1861028588,37640.755190,37677.148564
2320691432,11115.759823,11587.698451
3659560342,18030.709283,18745.393434
1892432411,11115.759823,12293.673496
3659560404,18030.709283,20223.601571
1892433503,inf,11293.652947
3659596245,20223.601544,20223.601571
1892461814,10615.589896,inf
1970736961,36589.429940,36589.429940
3122110906,21049.382761,inf
1044834138,43453.304268,44554.258082
2660742003,35213.044116,35213.044116
3356057459,23897.003856,19982.125418
1044870075,42453.304268,inf
3356093331,18030.671061,inf
2324033680,10615.589896,13615.648367
1543991689,45506.614708,45544.867366
1479456846,33614.328044,33860.718488
610960047,inf,37640.755190
1043720130,44385.931718,inf
2659520145,35213.044116,35213.044116
3356021456,23897.003856,22986.113811
1768901005,37234.802312,inf
2321949234,10915.162776,11348.823514
3034694385,19416.772398,19419.836012
3356021522,23897.003856,22432.121187
2321949297,10915.162776,11971.750249
3201119323,39040.950866,inf
3067720481,17284.052783,17284.136622
4212638155,37055.721223,37080.875330
3124411962,45852.855734,inf
1892576164,10615.589896,10615.602121
487264200,3971.198868,3971.195969
1042498176,45174.027449,45661.603807
3352463799,23746.890941,23746.410858
1892434592,10615.570638,12615.602121
3040208305,50072.094312,52104.229016
1970735872,42823.275204,37621.027426
570322902,48352.179571,48352.179571
3034406884,18433.617826,18660.285465
4243147946,23049.462806,23049.563126
1042570112,44758.989950,inf
3200903731,inf,36640.755190
3035628839,19412.164911,19412.164911
1044834138,43453.304268,inf
3356057525,23897.003856,19030.709283
2323171122,10615.570638,11445.688996
487336074,3971.197819,3971.197819
3085414871,18236.081448,18660.285465
3122071697,23049.538531,23049.587722
1863220750,37640.755190,38159.567040
2042004381,40433.878727,40467.633348
3666768697,inf,17030.671061
1933072802,18030.760363,inf
434494525,24448.748025,24449.234067
1932927963,20811.533411,20811.533411
435752263,24448.979589,24448.748025
3034478857,18164.327940,19422.125801
1043720092,45385.931718,44385.931718
2659376404,35236.834786,35213.044116
3355985559,23897.003856,23370.832306
3662004020,18030.760363,18030.709283
228202413,28031.479296,28031.479296
1891565569,10615.551273,12615.570638
758685676,inf,38658.837123
1962613020,23960.591054,inf
3430950173,24031.024560,24031.166678
2916102282,19765.802774,inf
2623906548,31523.529071,31576.796733
434566335,24448.979589,24448.748025
1932929056,20801.238479,20816.521932
488342309,3971.193556,3971.194239
1932935589,19434.769196,inf
1892753665,10971.750249,inf
3507819378,28166.722389,27165.987402
3721997761,44244.167185,43970.405206
3084196283,12971.251397,12971.268506
3065348671,19412.164911,17777.673378
2324357012,10615.570638,11293.695900
60771203,inf,15386.363322
2127273088,33613.904289,33613.904289
1970807743,36589.429940,36589.429940
1434047365,49360.646653,inf
3007105971,2556.154603,3556.155077
878456913,inf,inf
2159401853,inf,25377.919710
1397160420,21654.630636,21694.986976
2158287808,28615.933560,28615.933560
2506356653,28058.907397,inf
4151795086,52362.729419,inf
3197453749,38139.269374,inf
2161922887,31575.527300,31523.529071
3065420585,19412.164911,19412.164911
1892568539,10615.606277,12615.694869
3040282355,45113.313942,45113.313942
612289710,inf,inf
450249120,2556.154603,inf
1822683181,7971.217484,46377.093606
956773683,47345.917031,inf
65407140,inf,inf
3155982518,inf,44823.275204
2005346467,37589.429940,inf
1909812320,42866.838902,41866.838902
3007107060,1804.082007,4219.120197
2158287808,27613.970313,inf
309828976,24031.264421,24031.235651
3040279090,44877.156266,45170.371892
2127246945,33613.904289,33614.328044
449386600,3971.192260,3971.192832
2539742095,26382.731469,27390.651131
2505458199,28473.944896,28477.350627
3197417812,36589.429940,36589.429940
3126855680,47247.434388,inf
2161921799,31558.821428,31594.998830
3065312705,17777.673378,18045.735106
3040281266,45113.313942,45170.371892
612002285,36589.429940,36589.429940
1881350257,42281.876402,inf
2539778032,26382.731469,inf
566448987,38610.857776,inf
1831463428,24031.214757,inf
4151687273,53698.909392,inf
107956515,46126.571933,inf
2623942517,31523.529071,31594.998830
2290971535,10615.525231,10615.531920
1962578173,23962.026485,25974.015247
2912544515,17246.170403,17403.231229
2161781316,32654.825484,32658.649514
3081891959,19761.225209,19761.225209
3196339803,38045.302946,36640.755190
1909812390,inf,41866.838902
450285057,3219.119932,inf
2540856137,27199.394013,27200.201208
1397268267,inf,inf
310116510,24031.166678,24031.304627
1909848258,42451.801403,41184.789755
450285057,2804.082007,3804.082433
3122034673,23049.577796,23049.577796
3085376755,19413.715276,19415.267309
1860956753,37640.755190,37649.767828
3065312773,17777.673378,18375.237184
3040281266,45113.313942,45170.371892
2127273088,33613.904289,33613.904289
3007079833,inf,2971.192260
2292193390,10615.566363,inf
3066570505,17284.136622,19412.939885
1909848324,inf,41184.789755
450285057,2804.082007,inf
2957357994,20763.373025,inf
4222908765,37068.243455,37177.623378
1932963907,18434.637755,inf
2501792655,27998.317467,inf
2043041113,38645.254471,38660.174964
3082833944,12971.251397,12971.268506
3067756453,17284.052783,17284.136622
3124440276,46483.494077,45898.531577
3194449906,23824.216943,inf
450392839,-0.000000,-0.000000
2868342012,40618.512905,40469.717119
2005342114,inf,39664.735315
4220912038,inf,18030.671061
3157754966,24050.786377,inf
2950314369,23597.211918,inf
3721925889,44108.854918,44037.969891
3235511059,38055.792689,38034.888922
3067792390,17284.052783,17284.136622
2159476994,inf,25377.919710
451435008,-0.000000,-0.000000
2088434988,28031.333398,28033.225327
1891530720,inf,9615.521744
2913658567,16895.491168,17710.274536
3197309997,42823.275204,41739.728586
105692488,inf,inf
3086425461,17284.052783,17284.136622
3124440276,46483.494077,45228.835230
64328968,12971.251397,12971.268506
2868521696,40389.857162,40453.304268
4222762839,38177.623378,inf
2096336812,35559.085834,inf
3721889950,43854.531809,44072.977092
2003974323,39057.290891,39057.290891
3115965676,19412.939885,19444.647722
3081685044,17322.564542,17322.726521
196362194,28447.981229,inf
2090694667,27224.435655,inf
2734376886,38240.853763,37218.447262
3046101974,49966.971171,50588.169929
4155245042,inf,inf
3081891959,19761.225209,19761.225209
3196339761,38045.302946,37178.455160
2090691400,28224.443878,28224.443878
1932899649,20831.697264,20831.697264
432158528,26452.175787,26452.175787
42228474,inf,28173.335537
451686566,4386.231596,-0.000000
1741824939,5971.196894,inf
3518780168,27790.696061,inf
2957357953,20763.373025,21763.373025
2005345374,36589.429940,36589.429940
2542257685,26382.731469,inf
440921051,36589.429940,inf
2326477288,5960.000661,5960.001010
1963688946,23954.305552,23954.305552
527334017,inf,inf
3086426550,17284.052783,17284.136622
1912363848,37177.623378,inf
2005344285,36640.755190,36640.755190
4222692052,inf,40184.789755
450285057,1804.082007,inf
2506608278,27514.929106,27531.606480
2327591369,11971.750249,3994.622884
2047789152,36589.429940,36589.429940
1782578183,inf,inf
440741494,37203.680007,36667.693479
2370945311,22766.267894,inf
2507614419,27547.893654,28547.893654
3124440276,inf,45228.835230
2338673885,22766.267894,inf
3123782996,37589.429940,inf
3067828327,17284.052783,17284.136622
2338853638,21716.231816,inf
2326441354,11293.673496,6924.662244
451506882,0.000000,-0.000000
3086424372,17284.052783,17284.136622
834689156,49966.971171,inf
3124414142,46350.588556,45228.835230
1912112353,39179.649200,39179.649200
450356896,4327.343476,-0.000000
2159444326,26382.731469,27390.651131
3264854684,inf,inf
440741494,38066.000865,36667.693479
2507686322,27547.893654,inf
3086427639,17284.052783,17284.136622
2326441390,11293.673496,5960.000835
1752966069,36589.429940,inf
4222869557,37177.623378,37177.623378
1963688946,23954.305552,23954.305552
1364638161,31408.929519,31409.021956
3430734545,24031.024560,24031.166678
3007178934,3971.193556,4971.195177
3067720520,17284.052783,17284.136622
1910027974,39179.649200,39179.649200
450320962,4386.236543,929.868207
3048687260,8971.221391,inf
1798548402,28790.696061,28792.733911
4256553069,inf,29887.488847
3040138609,44516.815481,44550.013330
2126163393,39471.535782,32625.782151
2291007510,10615.525231,10615.531920
2648214323,46213.057114,inf
2913407038,17246.170403,19762.370438
2161816164,32618.154365,32654.825484
3693116220,inf,inf
71660871,inf,26173.199953
2042180803,36589.429940,inf
3589647998,24944.124092,24747.717862
2699661743,34027.783314,37867.745368
3040138609,44616.382774,44550.013330
2086925635,28033.526089,28033.526089
197656000,28032.652628,inf
2291007472,10615.525231,10615.531920
2735383123,37543.606652,36761.275988
1738159360,inf,47964.309086
3429584562,24030.956841,24031.146437
2648178382,49371.689354,47294.440261
2194180522,32306.889020,inf
3081747117,17246.170403,18013.751829
2161816164,32618.154365,32654.825484
2651843993,inf,inf
3196447509,36589.429940,36589.429940
3125453046,15386.363322,16386.401667
2360797161,11615.602121,inf
2042003292,40433.878727,40450.657320
3510406842,25749.334372,25749.334372
2040854401,31635.719145,31635.719152
2004036798,inf,50460.984627
2085986920,30448.882703,inf
3721961825,44100.802372,43854.531809
3721961825,44100.802372,44116.952663
481083032,3971.194239,4971.195177
2993043435,13971.279637,inf
2330071155,11971.871577,999.640901
3007180024,3971.194239,inf
2090801387,26031.284524,26031.166678
524027819,4971.194708,4971.193898
434494427,24448.748025,24448.991025
1932927963,20811.533411,20811.533411
2087098784,26031.166678,26031.304627
764789517,36223.596540,36279.676710
1125548644,25085.223324,inf
2338678346,inf,47213.057114
3417200549,42321.726034,inf
3187442274,36778.268820,36778.268820
2089296389,28031.479296,28033.225327
2291151221,8228.938306,9145.203664
2735526934,36436.510910,37351.041012
3561682875,inf,42823.275204
2914736676,20181.706532,15971.338071
2622720626,31570.674272,31594.219002
3078117482,7971.204420,7971.221947
2009907202,30500.494550,inf
1216074637,48047.586520,48047.586520
3046286011,inf,4971.195338
2946936295,14971.279637,inf
796481729,inf,inf
2793664991,7971.215185,7971.221947
77734229,inf,26031.024560
2009907202,30500.494550,30617.623277
2966342966,36589.429940,36640.755190
1963584404,23968.008413,inf
2856490809,35306.033831,36088.119474
3040138609,44616.382774,44858.090621
2126165572,33613.293479,33613.904289
2086918011,28031.373341,28033.526089
2088390342,28032.652628,29033.526111
2090725155,27223.923753,27224.435655
1932925785,20818.881753,20818.881753
2290971570,10615.525231,10615.531920
2735347189,36761.275988,37543.606652
1738159291,inf,48966.971171
1962579262,24967.300950,inf
2912544554,17246.170403,17579.503433
2651808023,46213.057114,46213.057114
484964232,3971.195177,3971.196761
1821353487,10971.230224,inf
3516264543,28790.696061,28808.264254
3722860312,44393.545868,41238.312703
1364566254,31218.074201,31218.074201
3046134639,46964.309086,inf
3429692310,24031.095617,24031.197260
1962579262,23967.300950,inf
2928141865,35796.420755,35824.217138
2366726829,17030.647857,inf
2042001121,inf,37640.755190
3009371093,inf,inf
3508070945,inf,26750.949902
482268957,3971.195177,4386.234965
3721961825,44100.802372,44133.285799
3008042512,3971.195177,inf
3235546996,38055.792689,37996.929065
3721925951,44108.854918,43854.531809
452908464,4270.763603,4386.233204
2751115642,45546.465844,45228.835230
4287315142,28691.460002,27373.935515
2992001324,14971.279637,inf
795367745,41238.312703,inf
2793664923,7971.219559,7971.215185
2009907202,30500.494550,30547.233949
2966163284,36640.755190,inf
3763253442,36135.818717,36223.596540
3197825810,23824.216940,inf
2009907202,30500.494550,31524.513873
2967277290,36589.429940,36589.429940
2009907202,30500.494550,30939.551372
37305032,44784.801472,42303.220244
2793664923,7971.223934,7971.215185
77734165,27031.166678,26031.024560
2009907202,30500.494550,30570.317562
764797140,36135.818717,36223.596540
1041963997,inf,inf
2856490809,35306.033831,35644.717014
2164190181,34930.398671,35002.590164
1800734028,24794.684757,24747.717862
484784548,3971.201093,3971.201093
2081067907,31890.044226,inf
2361983044,10615.570638,inf
2160557284,inf,inf
373739908,23964.661307,25981.480723
2856490809,35306.033831,35463.498601
3390556914,18030.671061,inf
120427387,28032.984857,inf
484712674,3971.204912,3971.198868
149967598,28032.441477,28033.526089
3507891254,27750.949902,26750.949902
3196827193,22766.267894,inf
2040816286,33635.967180,33638.370960
3721997761,43970.405206,43970.405206
2995271556,inf,inf
2751151483,47483.494077,45228.835230
4287351153,29683.992823,27373.935515
1799513256,27751.724496,27780.610134
2166663307,37640.755190,37640.755190
795331740,42238.312703,41238.312703
2793664923,7971.219559,7971.217372
2009907202,30500.494550,30535.829186
487156384,3971.198344,3971.195969
2338679438,inf,46213.057114
3417236456,41250.453075,inf
37484724,inf,43735.587324
3078119662,7971.221947,7971.221947
32669162,29683.992829,29683.993291
3589611960,25771.304079,25771.773312
2790214973,7971.208423,7971.210209
2086026120,28032.984857,29033.610792
2086952861,28032.441477,28033.526089
2166661125,37649.767828,37649.767828
1288595476,31033.225327,inf
804863632,inf,46964.309086
1800670867,inf,25761.938674
2042103484,37640.755190,37640.755190
2699733652,32665.475750,33627.494002
3032158528,43044.100971,45057.287412
1798255464,inf,27165.987402
2040816286,33635.967180,33638.370960
3721997761,43970.405206,43970.405206
481334594,4386.240778,4163.842441
3008193882,3971.198638,inf
2165483917,35106.588562,35402.418665
2857604892,35230.873444,37481.038364
3125521653,13386.309715,inf
1893654271,11293.652947,11293.652947
31591053,29683.993291,26921.104482
2761716933,7971.208423,7971.204420
2908950886,17849.668396,18849.668396
2040990524,35796.420755,35733.070022
446942982,3971.193194,inf
2361983044,11615.589896,inf
2739084666,36436.510910,36832.187856
1041676560,inf,inf
2856490809,35306.033831,35410.177232
3390521017,24065.867784,19987.417648
1934258727,23957.336564,25962.026485
2164183646,35002.590164,35032.020650
2160479961,30496.866117,30513.710926
1441723030,33642.913844,inf
2085983653,31449.623775,inf
3722860250,44393.545868,42084.833675
483778307,3971.201890,3971.198868
3589683870,25771.773312,24747.717862
33819149,29683.368954,29683.992823
2042102391,inf,37640.755190
1893685852,10615.541534,10615.541534
2857568921,35230.873444,35381.731425
1962397398,24959.157050,inf
2164218500,33079.057102,37867.745368
3040138609,44484.364396,44550.013330
1444022967,35185.330976,35259.171263
2926920013,35810.252003,36589.429940
525249610,4971.193898,4971.193898
790659996,47964.309086,inf
2012238744,36589.429940,36589.429940
1294453267,26031.166678,26031.166678
2964977388,36589.429940,inf
486006409,3971.197156,4971.199855
1962397398,23959.157050,inf
2699733714,32665.475750,37867.745368
2576397869,29490.521073,inf
3040133161,44957.188312,44957.188312
2126160126,33635.378641,33650.488609
64185284,12971.268506,inf
2361084622,10615.566363,12615.602121
3415478498,48360.646653,47345.917031
2856490809,35306.033831,35401.478836
1540218361,44721.199210,44823.022785
1443915153,33613.293479,33656.852689
2086021768,28448.230971,inf
3722932123,43970.405206,43970.405206
2968441775,inf,inf
3125556503,13971.279637,12971.268506
2856490809,35306.033831,35397.149225
2577619691,29489.406220,29491.636788
31662960,26031.024560,26031.166678
3433142262,18030.671061,inf
343049773,24650.273882,18030.671061
2855053331,36700.989545,36700.989545
1538996541,44957.188312,45014.213748
1798364364,inf,24747.717862
3722932123,44244.167185,43970.405206
483454906,3971.200935,4971.207964
2359826932,10615.589896,13615.648367
3339312002,39401.158657,39401.227092
3237703281,37640.755190,inf
2042002203,36589.429940,36589.429940
2359790925,10615.570638,11445.688996
3236696987,37640.755190,38640.755190
3339168254,39401.192874,inf
3508106849,25749.827318,inf
2417196298,21716.231816,inf
2922463818,32635.719147,inf
3008077360,3971.195177,4971.198877
4249401678,32890.044226,inf
2042001121,inf,36640.755190
2968405802,inf,47345.917031
2160516991,29489.406220,29491.636788
3588569786,inf,24747.717862
2083366784,29683.993291,26031.166678
2761860707,7971.204420,7971.204420
2085989094,29448.252927,inf
3722932123,44348.324922,44147.025587
3008116564,3971.202983,inf
2360797161,10615.602121,inf
2924548164,30635.719145,inf
3064090912,17908.910440,19412.164911
4217489554,37642.440776,37657.065204
1770338486,inf,32221.783572
2324177358,11615.602121,inf
1544890108,45237.471932,45506.614708
1479492850,33614.328044,39544.186570
1970772898,36589.429940,36589.429940
3076830285,45954.369200,45228.835230
4287351080,29683.992823,28108.995175
1288631374,30033.225327,inf
2506644114,27514.929106,27531.606480
764825451,37292.765284,32221.783572
2338648943,47709.477761,47213.057114
804973619,43653.822126,inf
764798233,36126.473322,33179.489885
4160899228,47487.085339,47213.057114
3417128682,inf,36366.204849
2792658682,7971.219531,7971.227066
764798233,36126.473322,34010.633318
3417092707,inf,37366.991065
1397160460,21654.630636,21694.986976
2158287808,28615.933560,28615.933560
309793036,24031.130102,24031.299417
32201324,15801.413603,inf
2359898830,12615.622657,inf
3086387349,17284.136622,18531.035904
1892573984,10615.625244,inf
2952369155,48360.646653,47345.917031
1480750643,inf,37366.991065
613511568,inf,inf
2158224642,27566.530720,28615.933560
1044870115,41389.857162,inf
2661820086,35290.601370,35213.044116
1793660971,inf,inf
2324105578,12615.622657,inf
1544854171,45506.614708,45584.161972
1479456950,33614.328044,34078.610807
610960047,inf,36640.755190
2540856239,27199.394013,27201.780329
2506608214,27514.929106,27531.606480
764798233,36126.473322,35263.377691
3235547100,38055.792689,37682.575970
1892573984,11615.665835,inf
2042004381,40433.878727,40502.196683
3666804638,inf,16030.647857
3589647933,24842.798220,24747.717862
2083402720,29683.368954,29683.992823
764798233,36126.473322,35875.432280
3235547035,38055.792689,37857.149211
2737755026,37489.259848,inf
3433178200,inf,inf
343085651,24663.001199,24668.627939
3046032274,50588.169929,51290.204504
2734089394,36620.826774,35945.506151
1962537877,23959.157050,24271.769628
1933969052,inf,inf
2158294335,27535.828496,28636.720731
1800732937,inf,24771.216660
2791293110,7971.204420,7971.204420
764798233,36126.473322,36079.845827
3399972482,24031.939409,inf
338377897,24640.669979,18030.671061
2790250942,7971.213997,7971.204420
764798233,36126.473322,36116.918767
2736425296,36832.187856,37351.041012
758685676,inf,41706.711972
1962611931,23959.157050,25964.661307
2291151258,8228.938306,12293.642975
565191197,39621.788539,39683.332076
1395974570,21700.756843,21748.471898
1803330202,25032.223534,25032.223534
314824290,inf,inf
2505458199,28477.350627,inf
758685676,inf,39658.837123
3430914167,24031.024560,24031.166678
4115100303,48294.440261,inf
3197381875,42823.275204,36640.755190
3126853500,48524.217257,inf
2044295640,39655.418534,39655.418534
1963658459,23962.026485,inf
3399936510,25031.939409,inf
338341964,21764.512782,19016.014458
2737683087,inf,35945.506151
1795959853,inf,20030.760363
341935660,24650.273882,19987.314520
2158215930,28424.947382,28424.947382
314788283,18030.760363,inf
758685676,inf,40706.711972
1962613020,24964.661307,inf
2292013705,11293.642975,inf
2915850723,20768.403111,19764.404589
3197381875,42823.275204,37621.027426
3399900607,24031.939409,26032.510262
338306027,21764.512782,19816.082166
1331144883,36589.429940,36589.429940
3588426036,25771.538677,25748.570073
2761680988,7971.214928,7971.207422
2009907202,30500.494550,30717.158951
77770098,inf,inf
2751115551,45301.930014,45264.919749
1799479501,27790.696061,27790.696061
1157820039,inf,inf
314608631,inf,19030.956466
2505458199,29580.739470,29580.739470
1793359289,37640.755190,37645.254471
3483340143,35753.183114,33688.858296
3451607845,34511.261582,35552.211181
1962469272,20483.691671,24637.599102
2702285144,35849.601054,36202.262943
1962468183,20483.691671,21404.841681
3660782233,18223.601544,inf
3700959728,24638.854061,24638.854061
3390520976,24065.867784,20904.453302
3072500106,20434.289443,19424.829237
3698659763,23954.305552,23954.305552
2089431427,inf,26031.201164
2119010843,26031.024560,27031.166678
3084191927,12971.268506,inf
2751115551,45301.930014,45228.835230
1793323318,37713.146613,23240.967775
2702249241,35607.336381,36202.262943
335970157,20871.964137,20872.173072
1397196357,21654.630636,21694.986976
309793138,24031.250036,24031.130102
2005344285,36640.755190,36640.755190
440741494,37203.680007,36910.937539
2505458199,29580.739470,29580.739470
1831640938,inf,20030.956466
1208096589,52538.754339,inf
2089434693,26031.166678,26031.166678
2084579930,inf,27173.199953
1750773945,inf,45827.528084
2159404026,26800.404028,27751.419125
4220877196,23030.956466,inf
2045451066,37294.058029,37294.058029
2735455000,37068.413918,35945.506151
3430698545,24031.024560,24031.166678
1891535077,8615.521744,inf
3689630327,inf,inf
2913658629,16895.491168,19763.373025
2620492530,31582.398607,inf
2089327972,27031.201164,inf
1793323279,24260.789763,23240.967775
3390485112,24065.867784,22487.283462
3699953496,20872.173072,24439.022851
2158328100,28030.341093,29580.739470
314572760,inf,21030.956466
2507614419,27962.931154,27976.804511
2089433604,26031.166678,26031.304627
2939943793,inf,inf
3125486807,14386.309715,inf
2540892075,27199.394013,27203.888516
1848879808,25030.965783,inf
2045449977,36589.429940,36589.429940
42228401,29173.463374,28173.335537
2045449977,36589.429940,36589.429940
3675034208,24031.647360,24031.647360
3009379805,inf,inf
2040953501,35810.252003,inf
2006570499,23675.860451,23675.870569
3390485048,24065.867784,23070.648772
1934226055,24342.040924,21755.294466
314572696,inf,22030.956841
2119011932,26031.024560,inf
3160654257,inf,36640.755190
2089432514,26031.235651,26031.166678
2040926275,36147.865345,36147.865345
3390449103,23745.850183,24065.867784
3699737874,22534.163655,inf
3699701936,22534.163655,23534.163655
2697397775,35213.044116,35241.472128
1794698785,24065.867784,23484.090848
3071242311,19843.013251,15971.338071
1126662720,24062.670670,25051.296528
805184885,43653.822126,inf
71948304,inf,inf
2159297310,27210.566876,28657.937099
227303988,28031.479296,28033.225327
2040926275,36147.865345,36147.865345
314572658,23030.965783,inf
3195424561,23824.216943,51542.367775
2507614419,27976.804511,inf
2089294210,28033.225327,28033.225327
2925949708,36147.865345,36761.000308
3877898626,11971.871577,0.000000
3698659763,23954.305552,23954.305552
36083176,43128.725251,43128.725251
795295867,inf,41653.350202
2793664923,7971.218466,7971.215185
2006565058,23675.865510,23690.488599
2696104077,35321.827601,35321.827601
1934186850,inf,22949.201154
1126662621,24062.670670,24473.906816
3075483564,36589.429940,inf
2084587550,26446.204177,26031.024560
2731933173,35358.374317,38932.551910
1794919858,24031.127565,24100.895944
2733011375,38516.177357,36896.493248
337156040,23957.336564,23957.336564
2505170697,28627.911499,28627.911499
2504272313,28058.907397,28030.341093
2507542605,28089.131684,27253.279577
2925949810,36147.865345,36761.000308
2330071021,11971.871577,1998.922972
3070164264,16876.566888,19420.484572
2693983735,35241.472128,35406.924091
3698659763,23949.856287,23954.305552
2327627273,11971.871577,2997.488185
3070164202,16876.566888,17648.238943
3698659763,23954.305552,23954.305552
1125800235,24062.670670,24253.685370
2045453248,38727.386974,36589.429940
71876492,26223.811756,26031.024560
2083475683,inf,43277.056852
804975799,inf,42653.822126
2793628985,7971.215185,7971.223877
2965156977,36589.429940,36589.429940
2083468063,28681.525052,44277.056852
3698659825,23949.856287,23954.305552
2695061878,35453.914605,35213.044116
3698659763,23949.856287,23954.305552
2695025939,35321.827601,35375.655555
3698659763,23949.856287,23954.305552
3698623826,23949.856287,23954.482458
2731969136,38516.177357,37965.302539
337120103,23957.336564,23959.157050
3397816226,24173.964331,24031.350550
2504308210,28058.907397,28030.341093
312452380,24031.024560,24031.235651
2504272273,28058.907397,28030.341093
2158368394,28089.131684,27611.500482
2292193390,11615.566363,inf
193954516,32450.512998,inf
2341369227,24891.195930,inf
2326585173,5960.000661,5960.000661
2869671713,40446.967023,40389.857162
3069050189,17211.412261,17525.970300
2326728847,10615.566363,4988.908707
3069086122,17211.412261,19416.294439
2869743585,inf,inf
2047786978,36589.429940,inf
2005413985,36589.429940,inf
3086464665,17211.412261,17928.401658
2047785885,37589.429940,37589.429940
1753145718,36589.429940,36589.429940
3069050150,17211.412261,17360.271943
2693804043,35430.228038,35281.090480
1125800170,24062.670670,24155.019002
805153300,44660.218383,44660.218383
71876428,26223.811756,26124.276082
2082397571,29683.992829,29687.291519
1799731059,26642.212380,26419.896594
1791131127,23690.488599,23690.488599
1978470802,37640.755190,37629.632410
3554249948,26706.646615,26761.938674
2755751383,7971.213244,7971.213244
2695025875,35414.254500,35375.655555
3698659763,23954.305552,23954.305552
2693875890,35321.827601,35241.472128
3698659763,23954.305552,23954.305552
1932931234,20806.562079,20816.521932
1835274929,24448.863802,24448.863802
2507614419,29006.963418,29012.678704
312488314,24031.166678,24031.304627
2507578475,27531.606480,29009.818231
2005342114,inf,44827.528084
2838909675,40917.441021,inf
2159406210,27208.114154,28633.211295
2330588097,21716.231816,inf
2504236372,27983.718967,28058.907397
2158366209,27239.025328,27830.639605
2540856175,27199.394013,27200.727389
3694095861,25957.980966,24956.222870
2158287808,27571.944806,27613.970313
2506608176,27514.929106,27531.606480
2047790245,36589.429940,36589.429940
803926002,inf,42238.312703
3077076399,7971.204420,7971.201658
2047784796,37589.429940,37589.429940
3759659870,37301.971807,36667.693479
2281376353,32641.766130,inf
1363272621,inf,31218.239135
312164881,24031.166678,24031.304627
2158289986,27199.938189,28059.226343
2122675326,36589.429940,36589.429940
1366722608,31408.929519,31410.409219
3925556704,25977.528424,inf
1366722543,31408.929519,31409.669179
1366722481,31408.929519,31409.299302
3925448893,46918.831503,27119.336146
1366686636,31408.929519,31409.114399
2082396486,29683.992829,29685.641231
1799729968,26764.705052,26529.050849
3052194795,inf,48966.971171
804861449,inf,48966.971171
3587312061,26763.046931,26763.107748
2760423232,7971.213069,7971.204420
3587276117,26763.046931,26763.107748
3521541245,39239.020646,inf
4293208911,27031.166678,27031.304627
755190111,42238.312703,41238.312703
2752409276,7971.214836,7971.220133
1799592757,26734.571178,26757.481723
1798253287,28166.722389,27581.759888
2922176330,33638.370960,inf
1797399511,27846.674470,27467.005526
2040782527,34642.050881,34642.050881
2855125209,35394.989283,36028.183124
344271663,24661.277146,24664.727315
2738869044,36945.471338,36945.471338
1039484402,47765.847713,inf
2856203349,35394.989283,37183.379035
345170024,24661.277146,24668.185755
2868413886,40640.992854,40640.992854
2005343200,36640.755190,36640.755190
2541934283,27208.114154,inf
365806334,49798.019614,49798.019614
440741358,38066.000865,36884.776758
2005342114,inf,36640.755190
2541035829,27208.114154,28215.531241
440741358,38066.000865,37357.729473
564292765,39621.788539,39683.332076
2159335426,27227.256827,28227.256827
2159262456,27219.384599,27232.448664
875114772,inf,inf
2006494273,24690.770691,24691.758436
2006462692,24691.264479,24692.430320
676883388,42238.312703,41238.312703
3675213961,24031.214757,24031.455353
2040709567,inf,43823.275204
1987958077,37834.785993,38389.190695
880866031,36778.268820,20420.484572
431942932,26454.124758,inf
3115967856,19433.249100,19439.980470
1932862627,20852.503074,21855.152270
4042655357,19439.980470,19436.610859
803924913,inf,43238.312703
2759237275,7971.199413,7971.203039
3556585893,26642.212380,24747.717862
793076,29687.291424,29687.291417
3759659870,37004.607790,36667.693479
759682238,inf,45249.681695
3556550021,26642.212380,25896.624175
721201,29687.291426,29687.291417
3759659870,37040.837095,36667.693479
3556549956,26642.212380,26223.620453
505553,29687.291621,29687.291417
3759659734,37301.971807,36842.234870
2253201817,33644.813337,inf
2253201746,33644.813337,34644.813337
764828722,37292.765284,inf
1366902163,37589.429940,31219.912896
803927091,inf,41238.312703
1691506,29683.993291,29687.291417
4294538480,29684.816912,29685.641231
4294502607,27722.825610,29685.229130
2756973276,7971.209816,7971.215625
3556513983,26642.212380,26642.212380
762161887,49966.971171,inf
3128986,29683.993291,29687.291417
2760459163,7971.204420,7971.204420
3587311993,26763.107748,26763.107748
2913458,29687.291417,29687.291417
756340100,inf,inf
2754673376,7971.213244,7971.214836
4293172909,27031.166678,27031.235651
2753451424,7971.213244,7971.214836
803782253,43527.885530,inf
3550764067,26745.980973,inf
3478458815,inf,27644.386357
2921170086,34642.050881,34642.050881
2168925156,inf,35700.989545
2868377949,40640.992854,40509.853480
2005342114,inf,37643.003076
364764260,49879.402762,inf
440741358,38066.000865,37668.830252
2005342114,inf,38643.003076
1851179707,inf,inf
2541035829,27625.619781,27625.619781
797965903,39683.332076,39621.788539
2536328076,27772.875332,27772.875332
2410044839,24891.195937,inf
2536184327,27225.901844,27232.448664
4043841340,inf,inf
4042655422,19439.980470,19433.249100
3654960372,20852.503074,inf
1835170384,26450.736355,27457.452732
1803326936,24031.214757,24031.455353
3079005397,36677.148564,36640.755190
1803222394,25032.223534,24033.606424
1156310652,24050.786377,24074.090574
3020138991,inf,48966.971171
3077603886,37673.356689,inf
1987958077,37834.785993,38289.655022
1987958077,37834.785993,38242.349307
3297661050,21420.467394,21424.815122
759682300,inf,44249.681695
2758374787,7971.199413,7971.202036
1799732148,26642.212380,25405.426857
757139,29687.291424,29687.291428
3759659870,37004.607790,36826.337902
3040170188,46587.631172,43387.494999
2164257706,31523.529071,31593.285027
2756937310,7971.205420,7971.212720
2082394307,27722.825610,28394.073830
803931447,inf,37061.794854
3077077483,6971.198873,6971.201035
803930358,inf,38061.794854
3077077483,6971.198873,6971.199954
3557879651,26763.414676,26763.659016
803929269,inf,39089.657040
3077049172,39489.358380,6971.199413
3557843687,26763.414676,26763.659016
755226116,41238.312703,inf
4292238516,27031.201164,27031.201164
3552848408,26744.763776,26744.763776
2082251647,27031.449505,27031.319013
1797358129,inf,28644.386357
2040777078,inf,34642.050881
2005342114,inf,40664.735315
1851107869,inf,19030.709283
2541035829,27625.619781,inf
1396118286,21700.756843,21748.471898
2501684842,27998.317467,29033.377957
1947564882,36589.429940,36589.429940
2006461599,24719.919260,24719.919260
1800735117,25170.729361,24747.717862
804967081,44660.218383,44660.218383
1932860448,20434.783792,21268.423098
4042619482,19439.980470,19439.458717
430972699,26870.739421,26870.739421
4042619420,19439.980470,19443.217960
430936730,26870.739421,26870.739421
676919393,41238.312703,inf
2047928541,36589.429940,36589.429940
3082971158,inf,21178.754297
1156346650,24051.296528,24144.716632
3672626431,24033.606424,24033.606424
3158653389,24051.296528,24097.250548
1125800133,24062.670670,24108.106048
2045452155,37294.058029,37294.058029
1987958077,37834.785993,38219.265694
3297660984,21424.815122,21424.815122
1932861539,20792.209739,20793.913942
430900766,26450.736355,26870.739421
3040138609,44484.364396,44516.815481
681698947,inf,34305.838645
1986700282,38685.753446,38878.398524
2127242567,35518.639002,35533.390485
803856306,46302.233871,inf
3555543683,26763.659016,26644.676428
803928180,inf,40089.657040
1727537,29687.291417,29687.291417
2751151547,inf,46228.835230
4287387016,27820.311284,27033.526089
1799515435,27765.241915,27795.508816
2121487230,29031.369871,inf
2839987716,40542.197561,inf
2005342114,inf,41823.275204
4220910949,inf,20030.760363
2005342114,inf,42823.275204
3079521206,40441.173121,41633.259231
1851071930,inf,21030.956466
2541035829,28631.532393,28638.259757
2005342114,inf,43823.275204
1851071890,inf,22030.956466
2541035829,28631.532393,28634.892154
3178961073,40845.777721,inf
3413499044,41337.085748,inf
2500534925,28424.947382,28424.947382
3014209387,52362.729419,inf
2537406193,28655.188176,28657.937099
1947421134,36640.755190,inf
2952686182,22179.907999,inf
2952686143,22179.907999,23181.706532
3078897579,36658.837123,36589.429940
3158656657,24051.296528,25052.486632
1803290998,24033.601461,24031.647360
1156418529,24051.296528,24466.730619
3077855479,36673.356689,inf
1156382586,24051.296528,24244.324074
1125620489,24085.209502,inf
1987958077,37834.785993,38207.860930
3266791108,21424.815122,21529.641463
3654852623,20793.913942,20793.913942
430900726,26450.736355,26645.507441
3654852560,20792.209739,20798.135379
3087829181,19449.214129,19449.214129
3654852560,20792.209739,20796.023116
429822617,26544.837507,26545.738224
3114079245,19449.214129,19449.214129
3654852560,20794.968143,20798.135379
429786679,26544.837507,26545.287795
3087828092,19449.214129,19449.214129
3654852560,20794.968143,20796.550892
3114043308,19449.214129,19449.214129
3654852560,20795.759301,20798.135379
3087827003,19449.214129,19449.214129
3654852560,20795.759301,20796.946850
3114007371,19449.214129,19449.214129
3654852560,20796.023116,20798.135379
1835094157,26545.062633,26550.063506
3113971438,19449.214129,19449.214129
3654852560,20797.078861,20798.135379
3113971399,19449.214129,19449.214129
1987742456,38224.912257,39224.912257
803855217,46302.233871,47302.233871
2756865464,7971.202348,7971.214411
4294322896,28020.356620,inf
757382332,46302.233871,46717.271371
3555292125,26706.646615,26706.646615
2166697062,37589.429940,37589.429940
882275193,36778.268820,36778.268820
4287458895,27032.337143,27032.337143
1289889169,28031.369871,inf
2166697062,37589.429940,37589.429940
2751115551,45378.926751,45228.835230
3548428160,27790.696061,27790.696061
2921134149,35647.407776,35674.808376
1797149039,29646.647391,29663.046449
3445590748,39544.186570,inf
1797147950,29646.647391,29654.823619
761270962,36589.429940,inf
3445554779,38366.991065,40544.186570
3471091738,29646.647391,29655.898693
3149492869,41870.753645,42923.685635
2006460510,24725.956175,24725.956175
1946486841,37677.148564,37640.755190
2006460510,24725.956175,24725.956175
2011241224,36589.429940,37658.837123
2006459425,24725.956175,24725.956175
3654852560,20792.209739,20798.135379
3087825914,19449.214129,19449.214129
428600761,26547.476060,26547.476060
1513324450,49360.646653,inf
2951536198,22596.744031,22597.679958
3158657745,24051.544434,inf
1987850266,38202.192180,38295.301585
880757124,21432.966734,21575.355944
3265533373,21481.204626,inf
3654852560,20796.352953,20799.035649
3087785623,19449.214129,19516.185969
1041928024,inf,47345.917031
1963584404,24968.008413,inf
2856490809,35306.033831,35537.805075
1794705322,inf,inf
1934259816,23959.157050,inf
2164190181,34930.398671,35002.590164
2740018993,36436.510910,36832.187856
2856490809,35306.033831,35427.732959
2160555102,inf,28449.388834
1540254298,44721.199210,44721.199210
1443951122,33613.293479,33615.094506
1934259816,24959.157050,inf
3390521081,24065.867784,19030.709283
2698619639,35002.590164,35032.020650
3159576148,37640.755190,37366.973236
2010128269,37033.118437,37087.132441
801522579,35499.784746,35545.588436
680369341,35499.784746,35511.100060
757382270,46302.233871,46494.878949
757501933,38651.563472,39823.275204
2755787325,7971.213244,7971.213244
2082357280,26031.024560,inf
3555256188,26706.646615,26706.646615
2751151586,inf,45228.835230
4287422953,29683.992823,27033.526089
3549470327,27765.863738,27765.863738
2045598081,39653.586145,39657.253253
3472205780,29650.383435,29658.207830
1797113096,inf,29651.265627
414061259,28449.388834,inf
4113695486,inf,inf
2006458339,inf,24725.956175
1509910437,45580.440663,inf
2950386216,22597.211918,inf
1987850266,38202.192180,38247.995870
3295181331,21520.982361,21538.352851
1987742518,38224.912257,inf
879792277,22496.855259,23546.705801
2047996063,37513.741054,37440.653540
801453972,35502.605266,inf
678141185,35502.605266,36517.299104
2047966660,37476.734516,37484.172023
678105310,35502.605266,35932.336603
1428980281,45580.440663,inf
678105248,35502.605266,35709.944182
879647440,25480.008190,25480.008190
2126308201,35567.753667,35550.469767
4257595242,27887.351185,inf
3048693790,8971.217484,8971.225167
3048688345,8971.217484,8971.222650
4256624952,28887.351185,inf
1798550580,28790.696061,28798.864787
1798549491,28790.696061,28794.774643
1798547313,28790.696061,28791.714626
3517414564,28790.696061,28795.029937
1797176265,29650.383435,29666.074891
3473643295,29667.627429,29650.383435
3445698559,38471.535782,inf
761276400,inf,inf
761269866,36589.429940,36589.429940
414025352,29489.406220,inf
2607929006,inf,31332.573058
2006458339,inf,25727.533126
3112713673,19516.185969,19492.311729
1835022280,27555.740034,27563.825568
3893429019,inf,30379.196525
1787465620,inf,31798.901859
3109263655,19591.501897,19591.501897
1834089010,27566.805230,27581.948709
1987850266,38202.192180,38617.229680
3295325082,21538.352851,21610.104084
1932821248,20805.098526,inf
426193013,27555.740034,27563.825568
3087787803,19506.107571,19526.335268
1932820155,21815.766539,21815.766539
426157142,27555.740034,27563.825568
3112713608,19516.185969,19504.199465
677997499,35610.408508,inf
2047929634,37589.429940,inf
677997437,35610.408508,36610.408508
4256481237,30888.252088,inf
3048685082,9971.221391,inf
3517450461,28791.205254,28798.864787
3516228710,28799.453416,inf
3476015100,29657.920664,29657.920664
2040774900,35698.880366,35698.880366
3445426676,inf,inf
3417308297,39190.913432,inf
4162013281,inf,inf
3417272393,40250.453075,inf
3188484414,inf,inf
3468863741,30657.275682,30657.275682
761268784,inf,36640.755190
2006458339,inf,26739.660496
1945300884,37077.444960,37027.234159
3108221480,19552.593989,19622.263780
3087641875,19585.223279,19601.487009
1834054162,27581.948709,27600.968291
3296475129,21538.352851,21541.425086
1987850266,38202.192180,38394.837258
3264347521,inf,22522.545025
1986808093,38639.949756,38733.059161
2127458323,30226.058447,inf
879759607,22955.059913,22955.059913
1986808093,38639.949756,39054.987255
1986808093,38639.949756,38832.594834
3262298979,22955.059913,22955.059913
3654852560,20797.078861,20797.607023
1835053860,26547.560903,inf
1932817977,21815.766539,21815.766539
426157078,27555.740034,27563.825568
3112677733,19516.185969,19510.180268
1835021193,27563.825568,27555.740034
3112677671,19516.185969,19513.179993
2126382284,34169.306112,39544.186570
2047925281,inf,36640.755190
676847522,36025.446007,41653.350202
1394804191,inf,inf
2047925281,inf,37640.755190
676847483,36025.446007,37002.460044
1986808093,38639.949756,inf
2128428515,35567.753667,inf
2011170442,37098.740173,inf
1963658459,24967.300950,inf
2044294551,39655.418534,39655.418534
2080097608,37671.265747,38671.265747
763431534,inf,inf
1710344745,inf,inf
882132534,38069.109472,38085.909173
2050406023,inf,inf
1979584816,inf,inf
2126094786,34665.758506,34665.758506
2051628967,36589.429940,36640.755190
3105705962,20619.604793,inf
2127459303,inf,inf
1832494645,37815.023508,37815.023508
759909705,36589.429940,inf
762354513,36810.336407,36725.277012
2159328890,27642.294326,27646.516633
2124977472,inf,30491.636788
2079806841,inf,inf
2578424734,inf,32332.573058
1331252690,inf,48966.971171
2771032622,34700.762130,34788.049977
374889927,24399.447410,24317.458508
2043362364,36589.429940,36589.429940
803749579,44533.792898,44533.792898
2127425544,36589.429940,36640.755190
2040738967,36753.785842,36753.785842
3475799514,29662.482153,29662.482153
2856490809,35306.033831,37183.379035
3601968253,inf,43823.275204
2164220677,31685.203213,37867.745368
3040138609,44500.498698,44550.013330
1445244857,35346.274812,35137.881597
2742354963,35106.588562,35402.418665
2043324252,37291.993033,37291.993033
3432100122,inf,19030.709283
1962653310,24650.273882,19016.073627
758718339,inf,inf
3277054203,36614.864334,36614.864334
680369279,35499.784746,35505.431310
2010092332,37112.965401,inf
2127246945,33613.904289,33614.328044
1970773984,36589.429940,36640.755190
2012239837,37640.755190,inf
2048103870,inf,inf
2040709567,inf,36640.755190
2045596992,39653.586145,39655.418534
1770302621,inf,33222.219619
610960047,inf,39658.837123
2126384461,33762.986793,33762.986793
681627074,35306.621483,inf
3516228642,29799.453416,inf
3474793242,29657.920664,29677.399947
2040737874,36589.429940,36589.429940
4213716172,37046.159976,37084.791144
2009942050,30491.636788,30625.782151
833579473,39243.426291,inf
2009940961,30491.636788,30498.066350
2872079457,40640.992854,40509.853480
2575176045,30496.866117,30505.263937
2006458339,inf,27739.660496
1945264949,37027.234159,37077.444960
3108185542,19552.593989,19587.008369
1834055248,27582.907574,27589.197586
4208936544,36589.429940,36589.429940
3087614650,19585.223279,19601.487009
3279426080,36589.429940,inf
1987850266,38202.192180,inf
3263377157,23522.545025,23546.705801
2127458252,32226.507425,inf
879750895,22961.373036,inf
3652265128,21815.766539,inf
2126381190,35134.950866,35146.709680
1970738047,inf,inf
2126379011,35134.950866,35140.818293
1394732282,44299.823308,45083.190020
2047925281,inf,39658.837123
676739674,36436.761705,inf
1394696385,44299.823308,45083.190020
2047925281,inf,40706.711972
801379921,36436.761705,37436.761705
1986808093,38639.949756,39639.949756
2128392581,inf,36567.753667
1963657370,23959.157050,25967.300950
2166409569,34871.953949,34783.820301
374925830,24189.002923,24456.284045
2007752070,37156.745046,37156.745046
759907534,inf,36640.755190
759907534,inf,37640.755190
763429356,36589.429940,36589.429940
763429356,36589.429940,36589.429940
1709302609,36589.429940,inf
3014317164,51362.729419,inf
3340390081,38085.909173,inf
3237954744,36589.429940,inf
3432064251,inf,21030.956466
341899726,23957.336564,20931.461070
758687847,36589.429940,inf
2168924067,36700.989545,36723.536952
3278276126,36589.429940,36589.429940
2127458214,36589.429940,36589.429940
1486464628,36589.429940,36589.429940
2007788007,37815.023508,36589.429940
3682718617,36589.429940,36589.429940
3682718617,36589.429940,36589.429940
3682718617,36589.429940,36589.429940
2572315442,inf,37366.991065
2537478093,27646.516633,inf
1403593873,31517.206081,inf
3108077769,19569.698565,19585.223279
4208936612,36589.429940,36589.429940
3108077731,19569.698565,19585.223279
394316860,27586.475534,27586.475534
2123863426,inf,36589.429940
3475763541,29662.482153,29670.652641
3715852570,37677.471766,inf
2741348667,34503.413317,35489.893273
2169002475,35230.873444,35957.410356
3004148619,36589.429940,inf
2858790810,37481.038799,inf
2043326434,38701.939541,36589.429940
2047997152,36589.429940,36640.755190
3432064187,inf,22030.956466
2854083130,36700.989545,36723.536952
3020318636,inf,46964.309086
682597439,33890.786773,inf
2040709567,inf,37640.755190
1827607209,37640.755190,38089.657040
4217273999,36589.429940,36589.429940
2007638814,37876.964273,38089.657040
834543237,34222.655720,inf
4217273928,36589.429940,36589.429940
3383011431,40398.013947,inf
610960047,inf,41706.711972
1451138586,33762.986793,39544.186570
3040246414,46074.121917,46074.121917
1451138524,33762.986793,34736.988728
2920020171,35698.880366,inf
3158174643,36589.429940,inf
681591199,35306.621483,36310.252698
2011016890,36589.429940,37640.755190
3514970847,30821.858414,inf
2009911558,30494.847987,inf
41114426,inf,28588.415648
2009911558,30494.847987,31494.847987
2083654276,28588.415648,29588.415648
2009911558,30494.847987,30909.885487
41078486,28588.415648,29003.453147
2796072697,36366.204849,36366.204849
1737096760,39266.882083,inf
2009911558,30494.847987,30687.493065
41078417,28588.415648,28781.060726
2796036826,inf,36366.991065
1737060859,inf,40267.729189
2009911558,30494.847987,30587.957392
2009911558,30494.847987,30540.651677
2009911558,30494.847987,30517.568064
833537000,41280.865726,41280.865726
2009911558,30494.847987,30506.163301
2505458199,28058.907397,29058.907397
2006458339,inf,28748.856418
2011204201,37027.234159,37086.522802
3106855914,19601.487009,inf
1834048714,27592.392345,inf
392843514,27592.392345,27592.392345
1834011689,27592.392345,27592.392345
2051554911,36589.429940,36640.755190
1987850266,38202.192180,39202.192180
880762574,21563.704659,21563.704659
2127458252,32226.507425,33226.728631
3010831309,53698.909392,inf
1986700282,38685.753446,39685.753446
3111599695,19551.074941,19529.594836
397659042,27567.616868,27567.616868
3111599595,19529.594836,19551.074941
3651258860,inf,22819.599178
397659002,27567.616868,27567.616868
3111599557,19529.594836,19551.074941
2774482643,inf,32415.661789
3036096615,36649.767828,36649.767828
2047925281,inf,42823.275204
675661563,36851.799204,inf
2047925281,inf,43823.275204
675589661,36851.799204,37851.817733
2011168260,36589.429940,36589.429940
2011168260,36589.429940,36589.429940
2011168260,36589.429940,36589.429940
258799718,46083.190020,inf
2044267323,36589.429940,36589.429940
376111755,24649.683676,24649.683676
2044267323,36589.429940,36589.429940
374890024,24649.683676,24317.458508
2860084510,37481.038799,33890.786773
2369702920,50400.710563,inf
2771068563,34880.961080,34700.762130
374889987,24474.029007,24317.458508
2043363453,36589.429940,36589.429940
4218567768,36589.429940,36589.429940
1830050899,37156.745046,37156.745046
4218567726,36589.429940,36589.429940
2007712865,37075.816366,37156.745046
4218567664,36589.429940,36589.429940
3717110431,37055.792689,36589.429940
3717110431,36803.848358,36589.429940
3717110431,36783.703930,36589.429940
3717110326,36589.429940,36683.299275
1707793219,37589.429940,38589.429940
3201083386,36589.429940,36589.429940
393059066,28628.325699,28628.325699
3264849239,inf,inf
440741494,37049.896297,36667.693479
3682718617,36589.429940,36589.429940
2159300572,28655.188176,28657.937099
2124940446,32517.206081,32555.301532
1402551734,32517.206081,32555.301532
1542805798,48146.577222,50072.094312
3200903731,inf,37640.755190
3687498238,37055.792689,36589.429940
3687498238,36803.848358,36589.429940
3687498238,36786.496736,36589.429940
373847718,23959.157050,23962.026485
2857568960,35230.873444,35550.226312
3004112724,37589.429940,inf
3003070648,37589.429940,38589.429940
2858754846,34939.820212,38481.038799
2858718904,34775.715755,35820.972934
2043325341,37291.993033,37291.993033
2047996063,37513.741054,36640.755190
2010090150,36589.429940,36589.429940
2047996063,37513.741054,37012.200292
2010090150,36589.429940,36589.429940
3451448514,inf,36366.204849
2047996063,37513.741054,37241.284994
2010090150,36589.429940,36589.429940
3450514115,inf,37366.991065
3432064149,23030.956466,inf
2736748793,37832.187856,37436.510910
758686758,36589.429940,36589.429940
1544890108,45237.471932,45506.614708
3020282740,inf,47964.309086
681734883,34890.801146,33890.786773
2040709567,inf,38658.837123
681591137,35306.621483,35722.868372
801553071,35499.784746,inf
2048004775,36640.755190,36640.755190
801551982,35499.784746,36499.784746
759908616,36589.429940,36589.429940
4112650046,inf,inf
1707793258,37589.429940,inf
3040804359,36643.003076,36640.755190
1546255778,41389.857162,inf
1546076029,inf,42453.304268
2006458339,inf,29766.212773
1398326023,47345.917031,inf
2127458187,33641.618656,inf
1986700282,38685.753446,39100.790945
2127242567,35471.141479,35533.390485
879684466,25038.166571,23988.601822
3087721372,19551.074941,19554.114639
1970735872,42823.275204,36640.755190
755085435,37131.019427,37163.258677
2165188801,35147.645537,35943.878845
3449092222,41245.067431,inf
1942929110,36589.429940,inf
893372350,inf,inf
2773260782,34503.413317,34503.413317
1963623612,24974.015247,inf
755086524,37116.027045,37131.019427
1829080631,37120.709597,37120.709597
2080092156,36589.429940,36640.755190
1829044727,37120.709597,37120.709597
4218423919,36589.429940,36640.755190
3717146329,36589.429940,inf
3717146267,36589.429940,37640.755190
3717110431,36803.848358,36692.659358
3715924406,36635.601288,inf
1706894864,inf,38004.467440
2540892115,27199.394013,27208.114154
1849921947,24030.956841,inf
1440465268,34665.758506,inf
762347979,36614.864334,36647.509385
1450886927,35159.139711,35212.006533
1740654523,38234.802312,inf
1904692082,inf,inf
4215009906,37058.790650,inf
3687534241,36589.429940,inf
3687534179,36589.429940,37640.755190
3687498238,36803.848358,36692.659358
2538664016,27227.256827,inf
1769224503,35231.481331,inf
1907351454,36589.429940,inf
2165340172,37832.187856,37832.187856
1962615198,23959.157050,23959.157050
1479492783,33614.328044,34590.854893
2121634245,26031.166678,26031.304627
2040709567,inf,39658.837123
2079984352,37021.373782,38058.790650
2079984352,37021.373782,37480.433544
2009944225,30517.206081,30517.206081
2079984352,37021.373782,37232.721304
2079984352,37021.373782,37123.180831
2079984352,37021.373782,37071.379462
1939263435,36589.429940,36589.429940
3159576210,37640.755190,37067.822095
801523668,35499.784746,35592.894151
1910585744,37033.118437,37087.132441
801525846,35499.784746,35914.822246
3159612085,37640.755190,36658.837123
801524757,35499.784746,35692.429824
1910621679,37087.132441,37033.118437
801521490,35499.784746,35522.504823
3472493279,29667.909679,29667.909679
3446740763,inf,36366.204849
765765258,inf,inf
3450226652,inf,36366.204849
2573429486,inf,36366.204849
3040311761,inf,43453.304268
2127281797,36366.204849,36366.204849
2924835728,36761.000308,inf
2006458339,inf,30766.212773
1834014955,28628.325699,28614.943087
391837207,27597.997071,inf
3276766837,37658.837123,36640.755190
390507543,28636.349170,27597.997071
3010831373,52362.729419,inf
1986700282,38685.753446,inf
2127314441,37567.753667,34644.813337
3259891201,inf,24016.270833
1986700282,38685.753446,38778.862850
2127242567,35518.639002,35525.995889
879651796,24438.570051,inf
396616828,27567.616868,27567.616868
1970735872,42823.275204,39508.011028
3103385596,inf,inf
1963621430,24655.068708,24655.068708
3040205038,50072.094312,52104.229016
1970735872,42823.275204,40369.900420
872707243,43784.801472,43784.801472
794335176,inf,inf
1987958077,37834.785993,39196.545617
337012291,23958.246520,25964.661307
3448948502,36734.508898,inf
3041954345,36640.755190,36640.755190
3040840298,36640.755190,36640.755190
2773440404,inf,33427.697300
1963623612,23967.300950,inf
755086524,37116.027045,37131.019427
2773224845,34503.413317,34503.413317
375033637,23967.300950,25988.985031
2044229212,36670.657720,36640.755190
2759560713,7971.211175,7971.212917
3587276055,26763.046931,26763.721669
803967383,51588.169929,inf
2080060578,inf,36640.755190
2003975412,39055.792689,39055.792689
2044368604,36641.878695,inf
2003975412,39055.792689,39055.792689
2003975412,39055.792689,39055.792689
2006605351,37658.837123,37640.755190
2007467840,37640.755190,37678.978635
2009942050,30491.636788,30504.524696
2079916830,37055.721223,37106.475805
564328702,39621.788539,39683.332076
762461236,36725.277012,36725.277012
2617905137,32656.736232,inf
2736712795,37436.510910,38202.817596
758685676,inf,36640.755190
2121633155,26031.235651,26031.166678
2012212615,37640.755190,36640.755190
2040709567,inf,40706.711972
2040709567,inf,41706.711972
2009943132,30536.128068,30625.782151
2009942050,30491.636788,30571.084817
4213680228,37046.159976,37065.346260
2009942050,30491.636788,30530.813979
4213644291,37046.159976,37055.721223
1939083819,36640.755190,inf
3472385502,29650.383435,29678.739180
3446704765,inf,37366.991065
3449292230,inf,37366.991065
2127280706,36366.991065,inf
1962433331,23959.157050,inf
2164257706,31523.529071,31593.285027
1833939817,28644.417514,28050.525640
3276766837,37329.649037,36640.755190
1986700282,38685.753446,38731.557135
2127242567,35522.312756,35533.390485
396473086,27555.740034,27567.771368
396437178,27550.683754,27565.797119
3109263655,19552.593989,19577.321609
1970734780,42823.275204,41127.958843
1448730740,35137.881597,35159.139711
794328646,36778.268820,inf
799116978,inf,inf
2121598309,inf,26031.201164
2012212615,37640.755190,37055.792689
2012212615,37640.755190,37321.524980
2121567817,27031.201164,inf
2166700329,inf,inf
2012212615,37640.755190,37472.328390
2012212615,37640.755190,37554.085320
2121565633,28031.333398,28031.479296
2166698155,36589.429940,inf
2012212615,37640.755190,37596.769517
2121528612,28031.333398,28031.406345
2012212615,37640.755190,37618.594727
3074010149,36640.755190,36649.767828
3135245162,inf,31332.573058
3045619919,36640.755190,36649.767828
3041020014,36640.755190,36645.254471
2166485797,31332.573058,31332.573058
3443090802,36700.989545,inf
2166484706,31332.573058,inf
755088707,36700.989545,37700.989545
755086524,37116.027045,37131.019427
3035162253,36649.767828,36640.755190
755085435,37131.019427,37163.258677
2044228119,36655.628983,36701.939541
2044228119,36655.628983,36701.939541
2877427,29687.291417,29687.291417
2759345150,7971.223298,7971.216082
3586054263,26763.414676,26763.414676
760005737,36640.755190,inf
3586054197,26763.414676,26763.414676
759969732,37658.837123,36640.755190
4217525553,37643.003076,37640.755190
1828757161,37640.755190,37677.148564
882086800,40402.103760,inf
3236625075,37640.755190,37677.148564
800265872,35753.183114,33688.858296
1485386486,36640.755190,inf
3040282355,45113.313942,45113.313942
1821821357,37708.430892,37727.386974
1821785453,37708.430892,37717.877799
1793467067,37640.755190,37677.148564
1793431091,37640.755190,37649.767828
797964814,39683.332076,inf
3684012358,36794.405169,36725.277012
3276766837,inf,36640.755190
761268784,inf,37640.755190
758685676,inf,37640.755190
2009942050,30491.636788,30517.528773
1447401071,35137.881597,35159.139711
3472277691,29650.383435,29664.491643
##########
853164551,1:16530645107008450847,46213.057114;
2450222334,1:16530645107008450847,46213.057114;
1468367198,1:16530645107008450847,46213.057114;
2567868476,1:17670525083559483571,34427.697300;10997119299645148793,29387.696203;8754577617178825951,33415.661789;
2166486886,1:17670525083559483571,34427.697300;10997119299645148793,29387.696203;8754577617178825951,33415.661789;
2127282886,1:7519326607332336758,31821.858414;17922403805449423869,38366.991065;
4113695486,1:17670525083559483571,34427.697300;10997119299645148793,29387.696203;8754577617178825951,33415.661789;
3417164549,1:7519326607332336758,31821.858414;17922403805449423869,38366.991065;
2370837501,1:16530645107008450847,46213.057114;
2967901967,1:7519326607332336758,31821.858414;17922403805449423869,38366.991065;
2966789012,1:7519326607332336758,31821.858414;17922403805449423869,38366.991065;
745209803,1:16530645107008450847,46213.057114;
3267218903,2:2105887849178114274,46213.057114;
4112650046,1:7519326607332336758,31821.858414;17922403805449423869,38366.991065;
3262624411,1:2105887849178114274,46213.057114;
3078194798,1:7519326607332336758,31821.858414;17922403805449423869,38366.991065;
3078192620,1:7519326607332336758,31821.858414;17922403805449423869,38366.991065;
834722921,1:3056395092711954527,49966.971171;10791576078353066989,43281.986708;1067067348750464490,49966.971171;
3046135726,1:3056395092711954527,49966.971171;10791576078353066989,43281.986708;1067067348750464490,49966.971171;
3268368886,3:2105887849178114274,46213.057114;
3267188411,2:2105887849178114274,46213.057114;
2967759311,1:7519326607332336758,31821.858414;17922403805449423869,38366.991065;
2122785312,1:3056395092711954527,49966.971171;10791576078353066989,43281.986708;1067067348750464490,49966.971171;
3268375420,3:2105887849178114274,46213.057114;
3264849239,2:2105887849178114274,46213.057114;
2127310111,1:7519326607332336758,31821.858414;17922403805449423869,38366.991065;
2004899286,1:16530645107008450847,46213.057114;
764866837,1:3056395092711954527,49966.971171;10791576078353066989,43281.986708;1067067348750464490,49966.971171;
2967864944,1:7519326607332336758,31821.858414;17922403805449423869,38366.991065;
804864720,1:3056395092711954527,49966.971171;10791576078353066989,43281.986708;1067067348750464490,49966.971171;
2564385854,1:3056395092711954527,49966.971171;10791576078353066989,43281.986708;1067067348750464490,49966.971171;
1547859842,1:16530645107008450847,46213.057114;
2166516289,1:17670525083559483571,34427.697300;10997119299645148793,29387.696203;8754577617178825951,33415.661789;
2565357242,1:3056395092711954527,49966.971171;10791576078353066989,43281.986708;1067067348750464490,49966.971171;
3264854684,2:2105887849178114274,46213.057114;
