1645870421,14115.567110,inf
397203421,inf,14926.988176
398533090,inf,14926.988176
2068841628,5243.774838,inf
475172184,15569.547448,inf
2366241852,15569.547448,inf
2360420058,16569.547448,inf
2778413336,7160.894652,7098.602748
2361606083,15178.226018,inf
2778450362,7098.602748,7098.602748
3940489882,7098.602748,inf
2778450362,7160.894652,7098.602748
622482799,8154.117966,inf
2778306614,7160.894652,7098.602748
576447505,8154.117966,inf
2107976983,4051.436708,4093.424970
295852500,7050.127704,inf
289693894,inf,12271.973219
2362791900,14178.226018,inf
193964370,4061.819765,4108.527026
3529030860,5024.678185,inf
2367355899,13651.548463,inf
730581394,5884.407638,6884.407638
194026443,4051.436708,4072.278091
72676780,12677.649302,inf
421560097,6932.439594,inf
3943911214,2000.704613,2007.526296
2778306614,7098.602748,7098.602748
3528958987,5050.127704,5050.127704
2064062041,7072.893366,7124.778607
3984448151,2000.000000,2000.000000
1648206326,13967.782042,14280.236863
194036244,4040.148017,4062.814426
194173458,4024.678185,4037.346828
2180461978,inf,8142.723618
421667907,6885.230784,6885.230784
407952354,7096.024036,inf
192733799,6072.893366,inf
490595140,6072.893366,inf
194070003,4040.148017,4040.148017
192953778,4148.368489,4201.681376
413847111,6096.024036,6096.024036
410178271,6096.024036,6096.024036
578603728,6096.024036,inf
2778413336,7098.602748,7098.602748
2778481943,7160.894652,7098.602748
4012910289,2000.000000,2000.000000
453759617,inf,inf
1688707357,inf,14749.035467
2142404700,inf,inf
459833002,5050.127704,inf
4137497613,5024.678185,inf
1688779234,13463.783144,13463.783144
1688599555,inf,14495.677552
3943983089,2012.425096,2002.644075
3974960782,2000.352263,2000.352263
4137317928,6050.127704,inf
1688707457,inf,13749.035467
3945169044,2002.644075,2007.238649
857295157,10465.453933,inf
694967728,6124.778607,6283.134942
201116622,12720.389419,inf
2778204250,7750.646715,inf
3942869081,2004.635837,inf
1255722440,7129.412526,8215.365154
694967797,6124.778607,6291.039964
857367030,8243.130988,inf
857331093,9243.130988,inf
235688016,14360.659291,inf
2721376232,5024.678185,5050.127704
660396337,9350.014126,inf
2721379499,inf,4024.678185
472620657,11465.453933,inf
2722521860,2000.704613,2008.577803
1650721918,inf,13463.783144
411367459,6731.106975,inf
45035312,6050.127704,inf
421883530,4857.558839,inf
537024647,inf,inf
458539270,5050.127704,inf
296104030,6050.127704,inf
459653383,6072.893366,inf
4139689765,inf,inf
492715318,6050.127704,inf
3523065319,5024.678185,inf
3973738924,2000.352263,2001.057049
1688671421,16130.020667,13749.035467
460767392,5050.127704,5050.127704
409210149,17569.547448,inf
471614421,12720.389419,inf
3527740397,4439.715684,5448.149074
261669026,inf,5024.678185
3978267024,2000.000000,2000.000000
490595202,5050.127704,inf
3977117008,2000.000000,2000.000000
255558647,inf,4024.678185
416257068,10196.726540,9154.117966
232130253,13651.548463,inf
732701679,inf,4868.575061
495230908,4024.678185,inf
659174541,10350.014126,inf
852479604,8154.117966,inf
732773551,4868.575061,4868.575061
297361793,inf,inf
2778275033,7160.894652,7098.602748
3979524781,2000.000000,2000.000000
233136489,12651.548463,inf
1452426726,inf,4024.678185
2778275033,7098.602748,7098.602748
3980818513,2000.000000,2000.000000
575261646,9243.130988,inf
2723640263,2000.000000,2000.000000
411402307,6124.778607,7797.171354
1255724618,7160.894652,7098.602748
261670116,inf,4024.678185
2266818659,inf,12535.773352
699819295,6931.221722,7020.250359
462132999,8124.778607,inf
3977045128,2000.000000,2000.000000
1691007394,inf,13463.783144
4014994738,inf,0.000000
297038426,4024.678185,inf
451315934,4439.715684,inf
3984376276,2000.000000,2000.000000
2723748074,2000.000000,2000.000000
1647056348,14115.567110,14115.567110
2779389078,7098.602748,7098.602748
1183481507,8160.894652,inf
3942689426,3010.550061,inf
739960925,7360.659291,7360.659291
236694252,inf,12677.649302
192913485,4174.778683,4174.778683
3527741485,4024.678185,5024.678185
853881147,8154.117966,inf
44029105,7050.127704,inf
2779389078,7129.412526,7428.419543
421667906,5857.558839,inf
451423711,4024.678185,inf
265234182,6050.127704,inf
733923569,7096.024036,4024.678185
853809270,14178.226018,9243.130988
735217303,7154.117966,7154.117966
233316174,12931.221722,11720.389419
1648457925,14749.035467,13463.783144
234322410,inf,11931.221722
3980890388,2000.000000,2000.000000
3982974768,2000.000000,2000.000000
856181111,11465.453933,inf
447011518,12362.582659,inf
856109238,inf,12720.389419
738810967,inf,6096.024036
195033768,4024.678185,4024.678185
2778481943,7098.602748,7098.602748
2784278392,7098.602748,7098.602748
2724676989,inf,1000.000000
2069057218,4174.778683,inf
696009934,6197.938083,6612.937969
490595074,7072.893366,inf
399719011,inf,14926.988176
3904919672,5037.346828,inf
420446050,7932.439594,inf
1485488761,5050.127704,inf
199858827,15178.226018,inf
694788115,6372.725921,6566.678064
3530227373,5050.127704,5050.127704
410328553,6096.024036,inf
2778378488,7160.894652,7098.602748
266240383,5050.127704,inf
410175004,6096.024036,inf
193852203,4105.320616,4105.320616
2778378488,7098.602748,7098.602748
2778306614,7129.412526,7428.419543
430373276,14749.035467,14749.035467
447055077,9350.014126,inf
413850374,inf,inf
622518736,7154.117966,inf
3526633671,5050.127704,5050.127704
3525699345,5050.127704,inf
622446862,9243.130988,inf
410507148,7891.117516,inf
200110386,14178.226018,inf
411505760,6201.785132,6566.678064
201296307,11465.453933,inf
695973967,6197.938083,6390.567041
193926255,4084.984385,4084.984385
698381809,6350.014126,6768.185705
71672722,10465.453933,inf
1486211398,11602.212577,inf
2778450362,7129.412526,7428.419543
3530119596,5050.127704,inf
2778481943,7129.412526,7377.982151
2396033625,inf,12931.221722
2778413336,7129.412526,7377.982151
2778378488,7129.412526,7377.982151
2778275033,7129.412526,7377.982151
2267070150,inf,13463.783144
231950568,15569.547448,inf
731695477,inf,5884.407638
730707762,8993.816392,9096.282876
3525375947,6072.893366,inf
622410925,10243.130988,inf
2365127805,16569.547448,11465.453933
694788046,6372.725921,6466.445142
202302543,inf,10465.453933
696081815,6197.938083,6499.309445
193888140,4084.984385,4125.947609
2182797854,6072.893366,inf
2778450362,7678.481420,7377.822138
2779389078,7678.481420,7377.822138
3528071249,6072.893366,inf
72609262,11931.221722,inf
2778481943,7678.481420,7291.221730
2778306614,7678.481420,7377.822138
1867807659,10350.014126,inf
2778413336,7678.481420,7291.221730
1868993586,9154.117966,9243.130988
655724530,7154.117966,inf
410289348,8154.117966,inf
2778378488,7678.481420,7248.350524
1870107663,8096.024036,inf
2778275033,7678.481420,7248.350524
2266998248,inf,9234.480793
620110963,16178.226018,inf
730329876,6931.221722,6299.445137
851329684,9960.566834,inf
700897403,6931.221722,6745.025619
851329617,9960.566834,10960.566834
472800342,inf,10465.453933
621548437,11465.453933,inf
653244936,10465.453933,inf
198924465,16569.547448,inf
2182654100,7098.602748,7072.893366
2778447098,7568.428434,7660.038591
1494728337,7680.186165,7528.608078
1489733093,7520.333694,7678.105405
2778412249,7725.129598,7528.608078
458395551,6050.127704,inf
2181432218,inf,7142.723618
653568307,9243.130988,inf
2367643395,14360.659291,13178.226018
2363834073,12720.389419,inf
431667042,inf,13463.783144
2778377401,7664.544860,7545.955292
1488690920,7545.955292,7650.744914
2266998207,inf,10405.777466
699495895,6350.014126,6975.049405
850251508,10375.604333,inf
477544026,inf,11931.221722
621512500,12465.453933,inf
692631855,6418.824651,inf
192989715,4105.320616,4148.368489
194138610,4030.998601,4030.998601
620290742,15178.226018,inf
1497100208,7622.405786,8478.216513
2778455809,7680.186165,7602.575444
72600550,11720.389419,inf
1525238886,8223.263375,8229.221595
1488475298,7678.481420,7656.719233
400904932,inf,14926.988176
1866729619,11778.261851,inf
2266926370,inf,11405.777466
696225556,6350.014126,6544.001547
849101586,11414.744012,inf
476358105,12651.548463,inf
621476563,13720.389419,inf
477364341,12931.221722,11720.389419
691445903,7633.530238,7981.777160
886943217,7096.024036,inf
3941459090,inf,13463.783144
410360134,6096.024036,6096.024036
1866729552,11778.261851,13360.659291
2779389078,7160.894652,7098.602748
471434736,14178.226018,inf
194103762,4030.998601,4049.355828
1219095041,inf,14749.035467
469134768,16569.547448,inf
2398261719,inf,14360.659291
1866442057,13362.582659,inf
507192051,inf,12677.649302
3406048664,9803.167380,9803.167380
476178420,13651.548463,inf
470464437,15178.226018,inf
1190776687,inf,15749.035467
507012366,14360.659291,inf
##########
291850142,1:16761532101598859860,9160.894652;
